0000.00	
0001.00	22,33,38,45,73,74,75,77,79,80,92,130,173,174,213,219,230,235,267,275,311,388,438,496,526,803
0002.00	22,33,38,45,73,74,75,77,79,173,213,219,230,235,311,388,438,496,526,803
0003.00	22,33,38,45,73,74,75,77,79,80,173,213,219,230,235,311,388,438,496,526,572,803,805
0003.01	22,33,38,45,73,74,75,77,79,80,173,213,230,235,311,388,438,496,526,572
0004.00	10,44,45,52,68,108,163,187,225,231,246,407,517
0005.00	10,45,52,108,163,225,517
0006.00	10,45,52,108,163,225,517
0006.01	5,10,25,45,52,108,163,173,211,213,225,231,251,299,311,496,517,526,535,595,693,784
0006.02	5,10,25,45,52,108,163,173,211,213,225,231,251,299,311,496,517,526,535,595,693,784
0007.00	5,25,33,39,44,54,55,110,114,130,173,175,213,229,231,243,250,252,258,281,291,311,323,330,360,362,392,401,453,496,503,504,526,791,812
0008.00	5,25,33,39,44,55,110,130,173,213,229,231,250,258,291,311,330,360,362,401,496,503,504,526,812
0009.00	5,25,33,39,44,55,110,130,173,213,229,231,250,258,291,311,330,360,362,401,496,503,504,526,805,812
0009.01	5,25,33,39,44,55,110,130,173,213,229,231,250,258,291,311,330,360,362,401,496,503,504,526
0010.00	33,81,450,527
0011.00	106,527
0012.00	16,18,33,48,77,78,79,81,93,106,173,213,219,450,476,483,496,527,814
0013.00	40,81,450,527,806
0014.00	106,527,806
0015.00	31,41,42,99,103,116,173,213,228,283,371,372,440,496,527,565,675,693,806,814
0015.01	31,41,42,99,103,116,173,213,228,283,371,372,440,496,527,565,675,693
0016.00	16,17,18,28,33,98,119,173,211,213,239,253,297,355,496,526,814
0017.00	16,17,18,28,33,98,119,173,211,213,239,253,297,355,496,526,814
0018.00	16,17,18,28,33,98,119,173,211,213,239,253,297,355,496,526,814
0018.01	16,17,18,28,33,98,119,173,211,213,239,253,297,355,496,526
0019.00	33,38,39,44,98,103,116,162,173,213,228,231,251,253,279,283,372,389,496,514,526
0019.01	33,38,39,44,98,103,116,162,173,213,228,231,251,253,279,283,372,389,496,514,808
0020.00	33,38,39,44,98,103,116,158,162,173,213,228,231,251,253,279,283,372,389,496,514,526,675
0020.01	33,38,39,44,98,103,116,158,162,173,213,228,231,251,253,279,283,372,389,482,496,514,675,807,808
0021.00	31,43,45,64,65,116,119,161,173,211,213,228,253,355,372,496,526,814
0022.00	6,31,43,45,64,65,116,119,161,173,211,213,228,253,355,365,372,496,526,675,814
0023.00	35,40,43,44,51,103,114,137,173,213,231,251,254,255,256,371,380,426,482,489,496,562,693,799,806
0024.00	35,40,43,44,51,103,114,137,173,213,231,251,254,255,256,371,380,426,482,489,496,562,599,675,693,799,806
0025.00	39,45,84,98,104,186,209,231,364,435,589,609
0025.01	39,45,84,98,104,186,209,231,364,435,589,609
0025.02	39,45,84,98,104,186,209,231,364,435,589,609
0025.03	39,45,84,98,104,186,209,231,364,435,589,609
0025.04	39,45,84,98,104,186,209,231,364,435,589,609
0025.05	39,45,84,98,104,186,209,231,364,435,589,609
0025.06	39,45,84,98,104,186,209,231,364,435,589,609
0025.07	39,45,84,98,104,186,209,231,364,435,589,609
0025.08	39,45,84,98,104,186,209,231,364,435,589,609
0025.09	39,45,84,98,104,186,209,231,364,435,589,609
0026.00	39,45,84,98,104,186,209,231,364,435,589,609
0026.01	39,45,84,98,104,186,209,231,364,435,589,609
0027.00	10,28,40,68,111,154,163,173,175,205,210,213,219,229,231,328,360,400,468,496,526,675,798,815
0027.01	10,54,111,154,163,173,181,205,210,213,219,229,231,258,333,360,496,526,675,798,813
0028.00	10,28,40,42,111,154,163,173,205,210,213,219,229,231,306,328,360,496,526,675,798,815
0028.01	10,42,54,111,154,163,173,181,205,210,213,219,229,231,258,333,360,368,496,526,556,675,798,813
0029.00	10,24,39,40,44,45,48,50,68,92,116,130,154,173,213,231,251,260,305,496,599
0030.00	10,24,39,40,44,45,92,116,154,173,213,231,251,260,496,599
0031.00	5,6,10,24,25,39,40,44,45,92,116,154,173,213,231,250,251,253,260,276,328,482,496,599,667,675,815
0032.00	24,30,31,32,37,40,43,48,50,64,68,92,93,116,173,213,231,251,260,389,457,496,599
0033.00	24,30,31,40,43,64,92,116,173,213,231,251,260,496,599
0034.00	5,6,24,25,30,31,40,43,64,92,116,173,213,224,231,250,251,253,260,276,328,482,496,599,667,675,815
0035.00	1,5,25,45,47,107,111,150,161,173,186,213,219,231,236,253,266,309,322,340,356,361,383,472,495,496,502,514,526,585,595,791,800,802,814
0036.00	1,5,25,45,47,107,111,150,161,173,186,213,219,231,236,253,266,309,322,340,356,361,383,472,495,496,502,514,526,585,595,791,800,802,814
0037.00	39,46,50,52,95,98,173,175,180,213,219,231,262,288,311,326,336,371,384,496,510,517,541,595,608,807
0037.01	39,46,50,54,62,95,173,175,180,181,213,219,231,258,288,311,326,329,336,371,384,420,496,541,573,585,608,694
0038.00	39,50,52,98,173,180,213,219,231,288,311,326,371,384,496,510,517,541,595,807,815
0038.01	39,50,54,62,173,180,181,213,219,231,258,288,311,326,329,371,384,420,472,496,541,694,813
0039.00	1,38,47,50,102,111,186,254,255,256,343,360,383,496,497
0040.00	1,38,47,50,102,111,186,254,255,256,343,360,383,496,497
0041.00	16,17,18,44,48,71,95,98,114,173,174,211,212,213,253,305,310,371,372,432,496,501,599,814
0042.00	44,48,71,103,114,173,211,212,213,253,305,310,371,372,496,501,599,814
0043.00	51,71,72,73,74,75,77,78,79,80,92,173,175,213,230,235,236,267,275,298,321,495,496,585,668,803
0044.00	51,71,72,74,77,78,79,80,92,173,213,230,236,496,585,803
0045.00	51,71,72,74,77,78,79,80,92,173,213,219,230,236,312,482,496,572,585,803,810
0046.00	10,71,74,77,78,103,147,163,173,210,213,312,440,476,496,803,806
0047.00	10,71,74,77,78,103,147,163,173,210,213,312,440,476,496,675,803,806
0048.00	33,48,50,77,78,79,93,103,234,305,450,476
0049.00	33,48,50,77,78,79,93,305,483
0050.00	10,28,29,45,90,163,246,262,310,389,468,515
0050.01	28,29,37,45,90,246,262,310,319,389,468,515
0051.00	10,28,45,90,161,163,310,328,389,400
0051.01	28,45,90,161,310,328,389,400
0052.00	6,10,39,44,45,95,103,154,163,175,180,252,343,364,372,387
0052.01	6,10,44,45,95,103,154,175,180,252,260,343,364,372,400,575
0052.02	6,10,37,38,45,103,154,163,174,175,180,207,252,319,343,400,468
0053.00	6,10,44,45,103,154,163,252,364,372,415
0053.01	6,10,44,45,103,154,252,364,372,400,415,511
0054.00	10,39,50,55,93,95,103,154,238,244,281,401,472,487,493,499
0055.00	10,39,50,55,93,103,154,244,401,453,472,487
0056.00	10,37,43,68,69,103,116,154,174,180,207,238,251,343,372,400,515
0057.00	10,37,43,69,103,116,154,207,238,372,515,889
0058.00	24,37,38,43,44,46,52,172,234,336,343,514,833
0058.01	24,37,38,43,44,46,52,172,234,336,343,457,514
0059.00	43,44,46,52,172,245,336,514
0059.01	43,44,46,52,88,172,245,336,514,833
0060.00	1,38,54,55,61,95,114,150,170,173,187,213,250,258,283,291,330,496,503
0061.00	1,5,25,38,55,61,95,173,187,213,250,258,291,330,496,503
0062.00	1,5,25,38,55,61,66,95,170,173,187,213,223,250,258,276,291,330,371,496,503,509,526,663,667,675,811
0063.00	5,25,93,100,161,173,213,219,231,277,384,385,470,472,478,496,502,683
0064.00	5,25,50,93,100,105,134,161,173,213,219,231,248,272,384,385,427,472,478,496,502,683,797
0065.00	5,25,50,93,100,105,134,161,173,213,219,231,248,272,384,385,427,472,478,496,502,683,797
0065.01	5,25,50,93,100,105,134,161,173,213,219,231,248,357,384,385,427,472,477,478,496,502,683
0066.00	5,25,38,43,66,68,69,70,116,173,213,223,233,238,276,279,282,321,371,418,496,501,514,526,530,811
0067.00	5,25,38,43,69,70,116,173,213,223,233,238,276,279,282,371,496,514,526,530,811
0068.00	5,25,38,43,69,70,116,173,213,223,233,238,276,279,282,371,372,440,469,496,514,526,530,663,667,675,811
0069.00	21,22,35,51,74,75,77,78,79,173,213,230,282,311,378,380,438,496,803
0070.00	21,22,35,51,74,75,77,78,79,173,213,230,282,311,378,380,438,496,669,803
0071.00	22,75,79,173,213,230,254,255,256,311,348,438,496,536,669,803
0072.00	35,40,48,51,55,61,62,103,114,151,173,213,219,229,243,250,258,282,291,321,330,362,367,371,392,440,482,496,503,693
0073.00	35,40,48,51,55,61,103,151,173,213,219,250,258,291,330,362,371,440,482,496,503,513,599,693,810
0074.00	5,33,38,88,111,120,153,173,205,213,222,276,300,360,397,479,496,693,798,815
0074.01	5,33,38,88,103,111,120,153,173,205,209,213,268,276,360,397,435,479,496,527,693,798,804,815
0075.00	5,33,38,88,111,120,153,173,205,213,222,276,300,360,397,479,496,667,693,798,815
0075.01	5,33,38,88,103,111,120,153,173,205,209,213,268,276,360,397,435,479,496,502,527,693,798,804,815
0076.00	5,25,33,38,88,111,120,153,173,213,222,276,300,360,397,479,496,537,667,693,798,800,815
0076.01	5,25,33,38,88,103,111,120,153,173,209,213,268,276,360,397,435,479,496,502,527,537,693,798,800,804,815
0077.00	23,24,32,33,37,38,39,45,52,95,172,173,213,231,234,340,496,502,517,595,667,669
0077.01	23,24,32,33,37,38,39,45,93,95,173,213,231,234,248,340,361,496,502,505,584,595,667,797
0078.00	6,23,33,39,45,52,98,172,173,213,224,231,340,496,502,517,595,667,669,675,815
0078.01	6,23,33,39,45,93,98,173,213,224,231,248,340,361,427,472,478,496,502,505,584,595,667,675,797
0079.00	23,29,33,45,50,55,93,174,187,244,281,303,335,505,562
0079.01	23,29,33,45,50,51,93,174,187,244,281,303,335,505,562
0080.00	29,33,45,50,55,93,110,174,244,248,281,303,505
0080.01	29,33,45,50,55,92,93,110,174,244,281,303,505
0080.02	29,33,45,50,51,93,110,174,244,281,303,505,801
0081.00	33,48,84,103,153,192,199,209,319,360,393,435,527
0082.00	33,48,84,103,161,192,199,209,319,360,393,435
0083.00	15,16,28,43,64,98,116,143,163,173,174,175,210,211,213,231,253,279,282,297,343,348,355,364,400,493,496,514,515,526,660,669,675,693,814
0083.01	21,28,38,43,64,68,98,116,143,173,174,175,197,210,211,213,249,276,279,282,343,348,364,372,400,432,493,496,501,514,515,526,669,675,693,814
0084.00	26,31,37,45,64,65,98,99,161,173,211,213,228,253,283,365,367,372,458,496,526
0085.00	26,31,37,45,64,65,98,99,161,173,211,213,228,251,253,283,365,367,371,372,458,496,526
0086.00	6,29,45,62,173,213,219,231,250,258,291,333,346,362,392,401,420,453,496,812
0087.00	6,29,45,62,173,213,219,231,250,258,291,324,329,333,362,392,401,420,453,496,812,813
0088.00	1,50,92,103,106,107,114,124,139,151,174,212,254,255,256,262,325,425,482,562
0088.01	1,44,50,92,103,106,107,139,151,262,282,305,562
0089.00	1,50,92,103,106,107,124,139,151,262,482,562
0089.01	1,44,50,92,103,106,107,139,151,262,282,305,562
0090.00	33,43,48,55,61,62,110,250,392,420,504,534,791
0091.00	33,43,48,55,62,110,250,333,420,504,534,556
0092.00	50,92,95,114,122,123,138,174,180,194,195,212,310,371,389,499,513
0093.00	95,122,138,174,180,194,212,325,371,389
0094.00	95,122,138,174,180,194,195,212,325,371,389,513
0094.01	5,25,95,120,122,138,173,174,180,194,212,213,253,325,371,389,472,482,496,502
0095.00	20,21,33,38,88,103,106,111,174,175,205,225,231,328,335,397,457,469,479
0096.00	1,29,50,93,95,139,207,244,248,260,272,385,427,471
0097.00	1,29,50,93,95,139,207,244,248,415
0098.00	12,21,23,43,55,61,106,152,163,173,175,213,246,250,258,276,282,291,359,362,400,496,502,503,534
0099.00	12,21,23,43,55,61,106,152,173,175,213,250,258,276,291,359,362,469,496,502,503,534,667,693
0100.00	33,84,103,120,153,205,209,243,268,278,319,360,393,435
0100.01	33,73,78,84,103,120,153,205,268,278,360,388,435
0101.00	33,84,103,120,153,205,209,243,268,360,393,435,602
0101.01	33,78,84,103,120,153,205,268,360,435,835
0102.00	71,72,73,77,78,79,93,95,120,173,174,213,235,236,246,253,275,326,335,384,388,496,803
0103.00	23,71,72,73,93,95,120,173,213,235,248,253,326,384,388,427,452,496,797,803,805
0103.01	71,72,73,93,95,120,173,213,231,235,253,276,326,384,388,438,452,496,692,693,784,803,805
0104.00	5,24,25,29,37,38,39,43,45,103,116,130,155,173,174,187,195,197,198,213,231,246,253,283,496,514,693,815
0105.00	5,25,29,37,38,39,45,103,116,155,173,198,213,231,253,283,496,514,675,693,815
0105.01	5,25,29,37,38,39,45,103,116,155,172,173,198,213,231,253,283,496,502,514,675,693,708,807,809,815
0106.00	5,24,25,33,116,136,170,173,213,252,253,276,279,299,340,364,469,496,514,526,675,811
0107.00	5,25,33,68,116,173,183,197,213,252,253,264,279,364,410,418,496,501,514,526,612,675,811
0108.00	5,21,23,25,35,37,48,50,103,111,122,173,174,187,205,213,231,250,282,330,359,438,496,514,526,562,693,798,805
0109.00	33,92,103,108,114,120,123,124,139,153,173,174,180,194,213,220,253,254,255,256,262,288,360,371,372,482,496,499,562,599,810
0110.00	33,92,103,108,114,120,123,124,139,153,173,194,213,253,262,360,371,372,458,482,496,499,562,599,810
0110.01	33,92,103,108,114,120,123,124,139,153,173,194,213,253,262,312,360,371,372,432,458,472,482,496,499,562,584,597,599,693,790,802,810
0111.00	23,30,32,33,39,68,130,173,174,213,224,231,253,276,368,371,397,407,470,479,496,667,815
0112.00	5,6,23,25,30,32,33,39,173,213,224,231,250,253,276,359,371,479,496,535,667,693,784,800,815
0113.00	1,38,39,47,111,135,186,343,361,383,387,497,505,791
0114.00	20,21,22,71,72,73,74,77,78,79,93,173,175,213,246,267,275,282,283,321,384,438,476,496,803
0115.00	1,5,23,25,29,38,39,44,45,50,68,116,173,213,219,231,250,251,252,253,258,283,359,372,387,389,458,496,509,514,526,805
0115.01	4,5,25,39,43,44,99,116,146,173,213,219,231,250,251,252,253,258,372,389,458,496,498,514,526
0116.00	43,50,55,61,62,108,116,150,173,175,190,213,225,239,250,258,291,330,340,362,496,499,503,673,799,812
0117.00	43,55,61,108,116,173,213,225,239,250,258,291,330,340,362,496,503,673,799,812
0118.00	30,32,39,48,64,114,173,175,213,224,250,258,291,330,340,367,392,401,487,496,503,675,799,812
0119.00	30,32,39,48,64,173,175,213,224,250,258,291,330,340,392,487,496,503,675,799,812
0120.00	33,55,105,106,107,161,173,229,250,258,291,322,360,362,496,503,812
0121.00	33,55,105,106,107,161,173,229,250,258,291,322,360,362,427,472,496,502,503,797,800,812
0122.00	1,5,25,93,95,102,173,213,219,248,252,253,272,278,298,321,371,383,384,385,389,469,471,472,478,496,501,502,595,797
0122.01	1,5,24,25,93,95,102,103,173,213,219,229,243,248,252,253,258,272,278,298,321,333,371,383,384,385,389,420,471,472,478,496,502,573,797,813
0123.00	17,43,68,98,104,116,163,210,364,400,432,458,501
0124.00	1,5,25,47,93,122,173,181,186,195,212,213,248,253,258,333,343,371,383,427,472,478,496,502,797,813
0125.00	5,25,43,84,98,103,173,213,231,253,268,351,435,496,527,804
0126.00	5,25,43,52,103,108,116,123,172,173,213,231,253,384,436,496,499,807,815
0127.00	11,12,20,31,37,66,69,70,98,106,116,173,175,213,233,276,279,364,450,458,480,496,667,675,693
0127.01	11,12,20,37,66,69,106,116,173,213,233,276,279,450,458,480,496,667,675,693
0128.00	30,33,37,38,39,174,207,283,371,372,526,873
0128.01	24,29,33,37,38,39,174,207,283,372,526,873
0128.02	24,29,33,37,39,174,207,283,526,873
0128.03	24,29,33,37,39,174,207,283,453,526,834,873
0129.00	33,150,175
0130.00	33,37,43,44,150,175,239,250,362,401
0130.01	33,37,43,44,150,173,175,213,231,239,250,253,258,291,330,340,362,371,401,438,496,503,693
0131.00	32,45,47,54,55,90,173,174,195,213,219,224,231,246,248,250,258,291,311,321,329,362,420,496,573,664,791
0132.00	144
0133.00	24,28,33,38,39,44,45,98,174,175,197,273,281,321,343,383,387,608
0133.01	6,24,28,33,38,39,44,45,98,116,173,174,175,197,213,231,273,281,311,321,343,383,387,496,514,526,608
0134.00	28,33,38,39,44,45,55,62,98,114,151,330,343,383,387,392,608
0135.00	24,28,33,38,39,42,44,45,84,98,343,383,387,435,608
0136.00	28,33,38,39,44,45,52,98,123,343,383,387,436,608
0137.00	33,84,105,160,161,173,176,192,199,231,277,278,384,385,393,435,472,496,502,527,683
0138.00	20,21,28,43,44,48,55,61,62,110,114,173,205,213,246,250,258,282,291,321,330,360,362,496,503,504,513,800
0139.00	20,28,42,43,55,110,173,205,213,246,250,258,291,330,360,362,496,503,504,800
0140.00	10,28,43,61,62,71,72,103,106,173,175,213,229,246,250,258,282,319,362,453,496,503,800
0141.00	10,25,28,43,71,103,106,163,173,213,246,250,258,276,291,319,362,364,400,427,440,453,496,503,534,800,812
0142.00	17,18,44,46,48,173,174,211,213,225,231,246,355,371,372,469,496,693,800,814
0142.01	17,44,46,48,173,211,213,231,246,371,372,496,507,693
0143.00	5,6,25,33,38,44,68,90,103,111,120,122,173,174,175,187,213,250,253,254,256,276,278,281,335,343,359,380,387,496,514,526,535,562,663,667,798,805
0144.00	16,54,114,181,246,329,355,420,573
0144.01	16,93,95,104,105,138,246,248,427,821
0145.00	64,65,84,192,197,246,268,355,365,435,602
0145.01	64,65,68,116,197,246,249,365,501,823
0146.00	16,17,43,52,143,219,246,355,510
0146.01	16,17,43,143,219,246,262,371,389,495,822
0147.00	21,35,43,48,54,219,225,239,245,401,407,453
0148.00	21,35,43,219,239,401,407
0149.00	17,21,35,43,219,239,245,355,401,407
0150.00	50,54,93,105,219,246,248,384,385,427,540,791
0150.01	5,6,25,50,54,93,105,120,161,173,219,231,244,246,248,258,291,384,385,427,472,478,496,502,540,673,683,693,791
0150.02	5,6,25,50,54,93,105,120,161,173,219,231,244,246,248,258,291,384,385,427,472,478,496,502,540,673,683,693,791
0151.00	1,144,246,513,791
0152.00	33,45,75,77,173,213,219,230,231,235,312,363,496,526,669,803
0153.00	33,45,75,77,173,213,219,230,231,235,312,363,496,526,669,803
0154.00	33,45,75,77,80,173,213,219,230,231,235,312,363,496,526,572,669,803
0155.00	24,33,38,43,52,98,108,111,172,174,205,284,326,336,343,436,517
0156.00	33,38,43,52,98,108,111,172,205,284,436,517
0157.00	33,38,43,52,98,108,111,172,205,284,360,436,517
0157.01	33,38,43,52,98,108,111,172,205,284,360,436,517,844
0158.00	5,10,25,37,43,44,55,99,103,163,173,175,213,231,250,253,258,276,291,401,496,498,503,526
0159.00	5,10,25,37,43,44,55,99,103,163,173,175,213,231,250,253,258,276,291,401,496,498,503,526
0160.00	5,10,25,37,43,44,55,99,103,163,173,175,213,231,250,253,258,276,291,330,401,496,498,503,526,693,784,799
0161.00	10,21,98,111,116,154,173,193,213,231,250,253,266,372,382,389,496,514,526,541,693
0162.00	10,21,98,111,116,154,173,193,213,231,250,253,266,372,382,389,489,496,514,526,541,693
0163.00	17,18,33,45,48,64,93,95,103,138,173,211,213,253,297,326,355,375,432,496,497,526,585,814
0164.00	33,45,64,93,95,103,138,143,173,211,213,248,253,326,355,375,496,497,526,585,814
0165.00	4,5,25,33,38,48,103,173,183,213,219,253,318,372,496,814
0166.00	4,5,25,33,38,48,103,173,183,213,219,253,318,372,496,814
0167.00	40,42,71,81,103,132,154,169,173,213,224,340,372,389,425,440,496,527,564,611,672,806
0168.00	40,42,71,81,103,116,132,154,169,173,213,224,340,372,389,425,440,450,496,527,564,565,599,611,672,675,806
0169.00	44,48,71,92,103,114,173,211,212,213,253,305,310,371,372,440,496,501,599,814
0170.00	48,54,55,61,103,173,175,209,213,250,258,268,291,340,362,392,435,487,496,503,804
0171.00	48,55,61,103,173,175,209,213,250,254,255,256,258,268,291,340,362,392,435,496,503,804
0172.00	39,84,175,186,217,252,268,273,321,589,609
0173.00	1,5,25,47,150,173,186,213,217,219,231,253,273,312,321,383,472,496,505,526
0174.00	1,47,50,111,186,195,205,217,273,343,356,383,387,505
0175.00	1,5,25,38,45,64,161,173,186,213,217,219,234,246,248,253,266,273,281,326,375,387,495,496,526,595,791
0176.00	1,5,25,38,45,161,173,186,211,213,219,246,248,253,266,273,281,387,495,496,514,526,584,595,791,814
0177.00	43,64,65,98,100,173,211,213,248,273,297,322,355,375,384,385,389,478,493,496,502,797,814
0178.00	43,64,100,173,211,213,248,273,322,375,384,385,478,496,502,797,814
0179.00	33,45,84,178,260,268,435,495,527,538
0180.00	33,45,84,178,268,435,538
0181.00	33,45,84,178,192,268,435,538,602
0181.01	5,25,33,45,84,103,173,178,192,213,219,231,268,324,435,496,527,538,569,602,693
0182.00	51,71,72,74,77,78,79,80,92,173,213,219,230,236,253,348,483,496,572,585,803
0183.00	21,33,38,39,55,61,111,205,276,340,392,401
0184.00	21,33,38,39,55,61,111,205,276,340,392,401
0185.00	21,38,68,88,102,175,335,359,383,389,452,457,715
0186.00	1,5,25,38,55,61,95,103,173,187,195,207,213,250,253,258,291,311,330,340,371,496,503
0187.00	33,39,71,72,73,77,78,79,150,178,235,262,340,388,415,476,538,584,668
0188.00	33,39,71,72,73,77,78,79,150,178,235,262,340,584
0189.00	33,39,71,72,73,77,78,79,150,178,235,262,340,584
0190.00	5,10,25,28,39,103,154,173,213,231,251,253,279,310,321,340,371,372,387,458,496,514,526,541,693
0191.00	33,38,71,72,73,74,75,174,234,235,275,283,388
0192.00	1,33,38,71,72,73,74,75,80,275,388,572
0193.00	17,33,48,49,95,98,103,104,173,193,197,211,213,228,246,253,496,814
0194.00	21,24,39,54,55,68,92,105,114,174,246,254,255,256,281,330,401,495
0194.01	21,24,33,39,54,68,92,105,114,174,246,254,255,256,281,482,495
0195.00	21,39,54,55,92,114,281,330,401
0196.00	28,33,38,39,44,45,93,98,234,244,248,343,383,384,387,608
0197.00	28,33,38,39,44,45,98,103,212,236,343,372,383,385,387,608
0198.00	16,17,18,64,65,103,114,143,195,212,259,260,297,310,372,389,511
0199.00	29,33,45,50,55,93,174,207,244,248,281,303,505,881
0199.01	29,33,45,50,51,92,93,174,207,244,248,281,303,505,826,881
0200.00	45,93,103,174,180,194,195,212,220,262,310,371,389,425,472
0201.00	237
0201.01	237
0201.02	237
0201.03	237
0201.04	237
0201.05	237
0201.06	237
0201.07	237
0201.08	237
0201.09	237
0201.10	237
0201.11	237
0201.12	237
0201.13	237
0201.14	237
0201.15	237
0201.16	237
0201.17	237
0201.18	237
0201.19	237
0201.20	237
0201.21	237
0201.22	237
0201.23	237
0201.24	237
0201.25	237
0201.26	237
0201.27	237
0202.00	68,150,194,219,243
0203.00	23,24,33,45,93,212,243,248,251,253,273,310,372,384,385,458,502,888
0204.00	33,38,42,68,120,153,174,175,205,229,328,360,371,379,450
0205.00	33,38,120,153,174,192,205,229,360,371,393,450
0206.00	29,38,44,103,111,137,174,175,205,246,281,283,310,355,387,401,407,489,887
0207.00	12,28,40,42,98,103,106,163,173,185,210,211,213,231,282,327,328,371,372,438,440,496,675,814
0208.00	20,21,33,38,88,103,106,120,173,174,213,225,231,328,360,371,393,397,475,479,496,667,693,784,798,800,815
0208.01	20,21,33,38,88,103,106,120,173,174,213,225,231,328,360,371,397,475,479,496,667,693,784
0209.00	5,25,29,33,39,44,46,99,122,173,213,276,371,496,514,526
0210.00	5,25,29,33,39,44,46,99,122,173,213,231,276,371,496,514,526
0211.00	33,40,42,48,55,61,92,106,107,114,120,175,194,254,255,310,362,367,401,453,565,839
0211.01	33,40,42,44,48,61,92,106,107,114,120,175,194,254,255,310,362,367,401,453,565,839
0212.00	17,43,98,104,116,163,210,418,458
0212.01	13,43,98,116,163,173,210,211,213,219,228,276,328,364,372,400,418,440,458,496,693
0213.00	35,51,88,92,110,111,173,205,213,219,230,282,328,343,360,367,379,380,450,470,471,482,496,504,515,564,611,798,800,806
0214.00	30,31,33,37,38,42,43,68,69,106,175,224,292,364,400,675
0214.01	30,31,33,42,43,68,173,213,224,279,292,364,372,400,496,498,514,526,667,675,693
0215.00	10,43,44,68,98,103,154,163,180,251,252,364,420,458,468,556
0215.01	10,43,68,98,103,163,249,252,364,400,415,458,468,501
0216.00	10,37,38,68,69,122,154,163,173,187,210,230,238,281,343,371,400,589,608
0217.00	10,37,43,122,154,163,173,230,343,359,371,589,667
0218.00	52,88,105,106,120,123,173,213,246,281,385,436,481,496,499,510,806,807,815
0219.00	52,88,105,106,120,123,173,213,246,281,360,385,436,481,496,499,504,510,535,806,807,815
0220.00	33,38,44,54,90,173,174,175,181,213,246,258,276,328,333,420,496,556,573
0221.00	33,37,54,173,175,181,213,246,258,276,328,333,420,496,667
0222.00	33,54,55,61,103,105,106,120,173,174,175,213,219,243,246,250,258,267,333,362,392,457,496,503,675,791,800
0222.01	33,50,103,106,114,120,173,174,180,194,213,219,243,246,250,258,267,288,310,333,362,457,496,503,668,675,800
0223.00	48,55,61,62,103,114,116,173,175,190,199,213,250,291,323,340,362,372,487,496,503
0224.00	35,55,61,62,103,116,173,190,199,213,250,291,340,362,371,372,482,487,496,503,806
0225.00	62,65,68,98,150,194,217,229,252,262,420,573,694
0226.00	17,21,29,33,48,55,61,114,150,173,213,239,243,250,258,291,340,355,362,372,392,469,496,503,814
0227.00	17,18,28,31,43,64,65,143,163,173,174,211,213,319,328,355,364,371,372,385,400,475,496,814
0228.00	43,44,46,52,68,123,180,194,251,259,336,364,389,510,517,894
0229.00	43,44,46,52,123,251,259,336,510,517,894
0229.01	43,44,46,52,123,173,185,213,231,251,253,316,336,371,373,496,514,517,675
0230.00	43,55,61,108,116,173,213,225,239,250,258,281,291,330,340,362,496,503,673,784,799,812
0231.00	21,33,38,45,68,90,111,116,173,175,205,246,283,387,420,457,667
0232.00	21,30,31,45,111,205,229,282,372
0233.00	33,84,105,111,160,161,173,176,192,199,231,277,278,384,385,393,435,472,496,502,527,683
0234.00	23,24,28,33,37,38,43,44,50,95,180,224,272,310,326,828
0235.00	166
0236.00	5,25,33,68,116,136,170,173,183,213,229,252,253,364,410,418,496,514,526
0237.00	5,25,33,68,98,116,167,173,197,213,229,252,253,279,283,360,364,389,469,496,501,514,526,693,811,813
0238.00	1,5,25,47,93,122,173,181,186,195,212,213,252,253,258,272,273,343,371,383,472,478,496
0239.00	5,25,43,84,98,103,173,213,223,238,253,264,268,351,359,364,435,496,527
0240.00	5,25,43,52,103,108,116,123,172,173,183,213,223,231,238,253,264,384,436,496,499,562
0241.00	5,23,25,29,33,38,45,69,111,173,174,205,208,213,215,217,231,250,264,359,360,496,514,526,562,667,798
0242.00	1,38,39,47,111,135,186,343,361,383,387,497,505,791
0243.00	43,44,46,84,98,173,192,209,231,245,268,311,326,336,435,496,503,675,804
0244.00	23,43,44,46,52,108,172,173,207,231,245,284,311,326,436,496,815
0245.00	16,43,44,46,54,55,173,231,243,245,250,258,291,311,326,329,362,496,503
0246.00	23,33,37,43,44,88,103,116,174,246,371,372,479
0247.00	33,37,43,44,88,103,371,479
0248.00	33,37,43,44,88,103,371,479
0248.01	5,25,33,37,43,44,88,103,116,173,213,231,250,253,276,279,328,330,371,372,496,514,667,693,784
0249.00	16,18,54,105,143,173,211,219,231,246,248,250,258,291,311,326,362,407,472,496,799,814
0250.00	16,18,105,143,173,211,219,246,248,311,326,496,595,682,791,814,815
0251.00	73,93,105,173,195,215,219,246,248,253,311,348,361,427,472,478,496,502,669,791,797,803,814
0252.00	1,5,21,24,25,43,71,72,73,98,103,104,163,173,197,213,219,225,231,235,283,372,388,400,496,501,526,670,803
0253.00	1,5,21,25,43,72,98,103,104,173,197,210,213,219,231,283,348,372,496,501,526,669,670,803
0254.00	1,5,21,25,43,72,98,103,104,173,197,210,213,219,231,283,348,372,440,496,501,526,530,669,670,675,693,784,799,803
0254.01	1,5,21,25,43,71,72,98,103,173,197,210,213,219,228,231,348,400,496,501,526,530,669,675,693,784
0255.00	5,10,25,28,45,52,64,68,98,116,163,173,174,197,213,297,306,340,364,372,387,400,496,526
0256.00	5,10,24,25,28,45,52,98,116,163,173,197,213,279,297,299,340,372,496,526,811
0257.00	5,10,24,25,28,45,52,98,116,163,173,197,213,276,279,297,299,340,372,496,526,535,811,815
0257.01	5,10,24,25,28,45,52,64,98,116,136,163,173,213,276,279,299,327,340,496,526,535
0258.00	23,33,38,44,45,48,55,68,88,103,124,173,174,213,231,243,246,249,250,253,258,276,281,283,291,469,482,496,503,526
0259.00	5,25,33,45,48,55,88,103,173,213,231,249,250,253,258,276,283,291,328,330,482,496,503,526
0260.00	5,25,33,45,48,55,88,103,173,213,231,249,250,253,258,276,283,291,328,330,359,482,496,503,526,663,667,812
0260.01	5,25,33,45,55,117,173,193,213,231,250,253,258,276,283,291,330,359,426,482,496,503,526,667
0261.00	28,33,44,46,173,207,213,231,251,253,281,316,336,371,372,373,389,496,514,808
0262.00	28,33,44,46,173,207,213,231,251,253,281,316,336,371,372,373,389,496,514,675,807,808
0263.00	28,29,33,38,39,42,45,173,175,187,213,231,245,250,321,343,493,496,514,526,541,608
0263.01	28,29,33,38,42,43,68,103,122,173,213,231,250,282,371,372,496,501,514,526,575,608,808
0264.00	28,29,33,38,39,42,45,154,163,173,175,187,213,231,250,343,415,468,496,514,526,541,608,675
0264.01	28,29,33,38,42,43,68,103,122,154,173,213,231,250,371,372,400,415,468,496,514,526,608,675,808
0265.00	33,40,81,450,527,806
0266.00	106,527,806
0267.00	16,18,71,72,78,99,173,213,219,234,318,483,496,527,806,814
0268.00	106,527,806
0269.00	16,18,77,92,93,173,213,236,318,483,496,527,599,806,814
0270.00	45,54,55,61,68,71,72,73,75,173,175,213,230,235,250,253,258,267,298,310,321,496,503,803
0271.00	5,25,45,54,55,61,71,72,154,173,175,213,250,252,253,258,267,282,291,298,310,330,496,503,803
0272.00	5,25,45,54,55,61,71,72,154,173,175,213,250,252,253,258,267,282,291,298,310,311,330,496,503,803
0273.00	33,71,72,73,74,98,106,120,153,173,205,213,235,251,267,310,371,384,388,389,400,432,496,514,803
0274.00	25,33,71,72,74,75,106,120,153,173,205,207,213,235,251,252,259,267,310,326,348,371,372,384,389,496,514,669,803,808
0275.00	18,25,33,71,72,74,75,103,106,120,153,173,205,207,213,235,251,252,259,267,279,310,326,340,348,371,372,384,389,496,514,536,669,675,693,803,808
0276.00	17,45,64,98,104,116,173,211,213,283,372,496,501,526,814
0277.00	17,45,64,98,104,116,173,211,213,283,365,372,496,501,526,814
0278.00	16,17,45,48,54,55,98,239,282,355,392,469,487
0279.00	17,45,48,54,55,98,254,255,256,355,487
0280.00	45,50,93,95,100,104,138,194,212,248,262,282,425,505,595,791
0281.00	45,93,95,100,104,138,248,505,791
0282.00	45,93,95,100,104,138,248,273,361,505,585,595,791
0282.01	5,25,45,93,95,100,104,138,173,213,219,248,273,361,384,385,472,478,496,502,505,585,595
0283.00	54,55,61,98,114,230,450,453,471,487,564,565,679
0284.00	16,18,55,78,98,230,483,487
0285.00	29,33,71,72,73,74,77,78,92,147,388
0286.00	29,33,68,71,72,73,74,77,78,92,183,223,264,364,388,395
0287.00	10,29,68,163,173,174,175,281,303,306,321,343,359,400,495,675
0288.00	10,68,116,154,163,253,264,675
0289.00	10,25,68,175,207,281,303,343,359,389,675
0290.00	10,16,28,71,106,154,170,173,175,400,450,496,515,806
0291.00	10,28,71,103,104,106,154,163,170,173,210,253,450,496,806,814
0292.00	10,28,71,106,154,170,173,180,288,425,496,502,806,809
0293.00	1,5,18,23,25,46,48,103,108,173,213,253,283,310,326,336,359,496,497,509,514,526
0294.00	1,5,23,25,44,46,48,103,173,213,253,310,336,496,497,514,526
0295.00	1,5,23,25,44,46,48,103,173,213,250,253,310,336,496,497,514,526,586,805
0296.00	18,28,33,68,69,116,187,197,223,238,252,264,282,292,364,395,418,469
0297.00	18,28,33,69,116,187,197,252,264,282,292,362,395,838
0298.00	21,39,47,48,55,61,150,187,195,217,321,340,383,453,487
0299.00	33,88,106,120,173,192,199,209,213,328,335,435,496,800
0300.00	3,6,33,38,39,45,47,173,185,193,213,215,219,231,252,253,274,322,343,358,371,383,445,496,514,526,541
0301.00	3,6,47,173,213,219,231,252,253,322,371,496,514,526,541
0302.00	10,43,50,105,154,197,212,252,259,260,282,310,364,368,389,425,511
0302.01	5,10,25,43,154,173,197,212,213,252,282,310,360,371,425,472,496,502,511,514
0303.00	5,21,25,44,45,69,173,213,230,246,254,255,256,310,321,371,372,385,389,496,584,612,693
0303.01	5,25,44,45,173,213,230,254,255,256,310,371,372,385,389,496,584,693
0304.00	23,29,33,38,46,103,106,173,174,213,231,253,276,283,319,368,407,457,475,496,798
0305.00	29,33,38,46,103,106,173,213,231,253,276,319,328,368,475,496,798
0306.00	5,25,29,33,38,46,103,106,173,213,231,250,253,276,319,328,368,371,475,496,667,693,798,800
0306.01	5,25,29,33,38,46,103,106,173,213,231,250,253,276,319,328,368,371,475,496,693
0307.00	68,93,105,136,197,223,244,252,364,367,379,384,385,395,418,427,501,526
0308.00	68,93,105,136,197,244,364,367,379,395,526,853
0308.01	5,25,68,93,96,105,117,136,170,173,197,213,237,244,279,299,364,367,379,384,385,395,427,496,514,526
0309.00	29,33,43,44,46,98,173,174,209,213,231,253,268,336,351,415,435,496,804
0310.00	33,43,44,46,98,173,213,231,253,268,336,351,435,496,804
0310.01	33,43,44,46,98,173,209,213,231,253,268,336,435,496
0311.00	5,25,45,98,173,209,213,231,253,268,383,387,435,494,496,516,527,589,609,804
0312.00	5,25,45,98,173,209,213,231,253,268,376,383,415,435,494,496,527,589,609,804
0313.00	5,25,33,38,98,104,148,173,213,236,294,324,496,611,814
0314.00	5,25,33,98,173,213,230,236,260,273,343,496,589,611,814
0315.00	40,42,71,72,73,74,75,78,79,80,92,173,178,213,230,235,253,275,311,312,326,388,438,496,572,791,803
0316.00	1,92,123,124,139,151,174,194,220,254,255,256,281,380,499,562,747
0317.00	1,92,124,139,254,255,256,281,380,562
0318.00	37,38,43,44,103,116,173,194,207,213,246,250,253,258,291,305,340,362,371,372,453,496,503,514,799,812
0319.00	43,44,103,116,163,173,207,213,250,253,258,291,305,340,362,371,372,400,453,496,503,514,799,812
0319.01	43,44,99,103,116,130,163,173,207,213,250,253,258,291,305,340,362,364,371,372,400,453,496,503,514
0320.00	37,38,45,54,55,90,111,120,150,173,174,205,213,250,258,291,310,311,321,323,340,362,392,487,496,503,798
0321.00	45,54,55,120,150,173,213,250,258,291,310,311,323,340,362,487,496,503,568,798
0322.00	23,33,38,45,52,74,111,116,174,205,246,254,255,256,281,336,436,510
0323.00	33,45,52,90,116,174,281,284,436,510
0323.01	33,45,52,90,116,120,173,174,213,222,281,284,328,436,481,496,535,667
0324.00	52,90,108,110,123,172,174,175,229,246,281,284,436,499,504,517
0325.00	18,45,93,150,173,243,244,248,326,340,371,493
0326.00	93,150,173,244,298,340,371,562
0327.00	5,25,33,37,38,95,146,173,175,185,213,219,244,253,276,298,383,389,427,496,514,526
0328.00	16,28,44,90,98,116,173,175,210,213,276,310,328,364,450,496,660,673,815
0329.00	28,44,48,90,103,116,173,211,213,225,253,276,310,328,407,496,586,673,675,814,815
0330.00	5,25,28,44,48,90,103,116,173,211,213,225,231,253,276,310,328,364,407,496,586,673,675,693,784,799,814,815
0331.00	28,40,42,43,71,73,74,178,194,275,371,389,681
0332.00	28,40,42,43,71,73,74,178,194,275,371,389,596,681
0333.00	31,45,47,54,64,114,195,219,225,297,310,355,407,432,496,538,585
0334.00	31,45,47,54,64,143,195,219,225,365,496,538,585
0334.01	31,45,47,54,64,143,173,195,211,213,219,225,231,253,287,310,363,365,384,472,496,538,585
0335.00	10,24,43,50,68,98,154,163,174,175,187,197,210,306,364,400,415,458,468,501,515,681
0336.00	35,44,103,114,122,137,207,254,255,256,305,364,372,380,400,415,489,515,562
0337.00	33,88,93,95,106,120,153,173,219,236,248,258,311,322,328,360,384,397,478,496,502,585,800
0338.00	33,88,93,95,106,120,153,173,219,234,311,322,328,360,384,397,472,496,502,800
0339.00	37,55,90,173,175,209,248,330,401
0340.00	37,55,90,173,248,321,330,401,562
0341.00	12,38,43,55,61,106,152,163,173,213,246,250,258,276,282,283,330,371,400,415,453,458,496,503,534
0342.00	12,43,55,61,106,152,173,213,250,258,276,279,282,283,291,330,371,400,458,482,496,503,514,534,808
0343.00	93,106,120,153,173,219,229,246,322,326,328,360,379,384,385,470,471,472,496,502,797,815
0344.00	93,100,106,120,153,173,219,229,246,248,322,326,328,360,379,384,385,470,471,472,496,502,797,815
0345.00	20,35,51,72,105,173,174,213,243,246,254,255,256,275,310,321,362,380,496,800
0346.00	35,51,72,73,173,213,246,254,255,256,275,310,362,380,438,482,496,800
0347.00	28,55,103,106,163,173,174,210,213,229,246,282,306,362,440,450,453,479,496,800
0348.00	55,103,106,163,173,210,213,231,246,276,306,362,440,450,479,496,693,800
0349.00	33,54,95,114,150,173,175,213,225,231,243,250,258,291,321,330,362,496,503,799
0350.00	33,35,55,105,150,173,175,213,219,231,239,250,258,291,311,330,362,392,401,489,496,503,693,784,791,799,806,812,813
0351.00	29,33,52,55,173,181,213,248,258,311,322,385,496,503,514,526
0351.01	29,33,52,55,173,181,213,248,258,311,322,385,496,503,514,526
0351.02	29,33,52,55,173,181,213,248,258,311,322,385,496,503,514,526
0351.03	29,33,52,55,173,181,213,248,258,311,322,385,496,503,514,526
0352.00	5,10,20,25,39,103,122,154,163,173,185,213,231,246,293,310,364,389,425,472,485,496,514,526,799
0353.00	50,103,174,180,194,272,310,389,425
0354.00	103,174,180,272,282,389,425
0354.01	103,173,174,180,185,213,282,288,289,371,373,389,425,478,496,502,675
0355.00	43,50,114,173,174,212,213,220,248,262,279,288,310,371,425,472,496,502,806,809
0356.00	5,20,25,43,50,173,174,212,213,248,279,310,325,356,371,425,472,496,502,806,809
0357.00	16,18,21,23,29,43,73,74,75,174,230,235,348,469
0358.00	35,38,45,93,149,173,213,215,219,248,253,281,310,322,326,361,485,496,502,505,797
0359.00	38,43,44,98,104,116,163,173,174,195,197,212,213,224,231,248,258,276,277,282,340,364,371,372,389,400,427,496,514,675,693
0359.01	10,13,43,44,98,104,163,173,195,197,213,224,228,231,248,258,276,340,364,371,372,382,389,400,427,496,514,675,693
0360.00	68,150,194,219,243
0361.00	29,43,44,50,104,181,205,310,311,335,415,420,524,556
0362.00	29,43,44,104,181,310,311,329,420,524,573
0362.01	29,43,44,104,120,173,181,213,219,258,310,311,329,333,360,371,420,496,524,573
0363.00	45,55,62,90,111,173,174,181,187,205,213,231,250,254,255,256,258,281,291,329,362,392,496,798
0364.00	45,55,62,111,173,181,205,207,213,231,250,258,291,329,333,362,496,798
0365.00	45,55,62,111,173,181,205,207,213,231,250,258,291,329,333,362,496,798
0366.00	55,128,173,213,250,258,291,330,362,496,503,504
0367.00	44,103,173,185,213,250,258,291,330,340,362,389,401,489,496,503,799,812
0368.00	93,173,213,219,250,258,291,330,340,346,362,392,401,445,489,496,503,799,812
0369.00	33,38,55,106,130,173,175,213,219,246,250,258,281,291,330,340,362,401,457,496,503,799,800
0370.00	33,55,175,186,213,219,273,392,487,608
0371.00	29,37,38,43,44,52,111,116,225,239,407
0372.00	29,38,43,44,52,116,225
0373.00	29,38,43,44,52,116,225,355,814
0373.01	29,38,43,44,52,99,116,173,211,213,225,496,693
0374.00	33
0375.00	33,93,120,173,309,322,360,393,418,427,496,502,797,798,800
0376.00	33,93,120,173,309,322,359,360,393,418,427,496,502,693,797,798,800
0376.01	93,120,173,228,309,357,359,360,393,418,496,502
0377.00	5,23,25,88,120,153,173,174,192,199,219,246,276,328,359,496,800
0378.00	5,23,25,120,153,173,174,192,199,219,246,258,276,333,359,496
0379.00	5,23,25,120,153,173,174,192,199,219,246,276,328,359,496,798,800
0380.00	93,105,161,173,211,213,219,225,248,250,273,291,361,375,427,470,478,496,502,505,513,514,595,784,799,814
0380.01	105,149,173,211,213,219,225,250,273,287,291,346,361,375,470,478,496,502,505,513,514
0381.00	93,105,161,173,211,213,219,225,248,250,262,291,375,427,471,472,493,496,502,505,514,595,784,799,814
0381.01	105,149,173,211,213,219,225,250,262,287,291,375,377,471,472,477,496,502,505,514
0382.00	38,246,323,329,330,392,401,618
0382.01	38,173,219,246,250,253,258,291,323,329,330,362,392,401,496,503
0383.00	90,246,284,359,436,619
0383.01	5,25,90,173,219,231,246,253,284,359,436,496,693
0384.00	239,245,246,620
0384.01	173,231,239,245,246,250,253,291,360,496,693
0385.00	5,25,38,93,173,219,248,253,273,309,322,353,356,361,387,478,496,502,791,797,800
0386.00	5,25,35,43,100,105,173,219,228,276,282,289,322,354,375,472,496,502,675,693,797,800
0386.01	5,25,35,43,100,173,192,219,228,276,322,354,375,472,496,502,675,693,797,800
0386.02	5,25,35,43,68,100,105,173,219,243,276,282,289,322,354,375,472,496,502,675,693,797,800
0386.03	5,25,35,43,104,105,173,219,228,245,276,282,322,354,375,472,496,502,675,693,797,800
0387.00	33,44,71,72,73,75,110,173,174,213,219,231,235,276,328,496,526,803,806
0388.00	33,44,71,72,73,75,110,173,174,213,219,231,235,276,328,496,526,803,806
0389.00	33,44,71,72,73,75,110,173,174,213,219,231,235,276,328,452,496,526,803,806
0390.00	10,43,52,116,154,172,173,213,231,253,259,299,303,496,526
0391.00	10,43,52,116,154,172,173,183,213,231,253,259,299,303,364,496,514,526,811
0392.00	10,43,52,116,154,172,173,183,213,231,253,299,364,386,496,514,526,811,815
0393.00	1,31,45,54,61,64,65,117,145,173,213,250,258,291,346,362,496,503,526
0394.00	31,33,45,54,61,64,65,117,145,173,213,250,258,291,346,362,496,503,526
0395.00	31,33,45,54,61,64,65,145,173,207,211,213,250,258,291,362,453,496,503,526,675
0396.00	17,18,28,31,33,38,45,98,104,253,283,297,310,515
0397.00	17,18,33,45,98,104,283,515
0398.00	17,18,33,45,98,104,283,515
0399.00	29,33,45,111,158,162,173,174,205,213,231,276,281,496,514,526
0400.00	29,33,45,55,111,158,162,173,174,205,213,231,250,276,281,291,453,496,503,514,526,563
0401.00	33,45,450
0402.00	33,45,47,71,103,116,163,195,210,400,564,565
0403.00	24,33,43,44,46,84,98,207,209,268,336,351,400,435,608
0404.00	33,43,44,46,84,207,209,268,435
0405.00	33,43,44,46,84,207,209,268,435
0406.00	42,71,74,75,78,79,173,178,213,235,253,311,326,388,496,791,803
0407.00	40,42,71,72,73,74,78,80,92,173,213,230,235,253,275,311,312,388,438,496,572,599,803
0408.00	29,43,103,116,173,213,228,231,246,253,276,371,372,457,496,498,800
0409.00	29,43,103,116,173,213,228,231,246,250,253,276,283,371,372,457,496,498,800
0410.00	33,103,116,173,207,213,231,246,319,368,496,798,800
0411.00	33,103,116,173,207,213,231,246,319,335,368,496,798,800
0412.00	33,237,450,527
0412.01	33,237,450,527
0412.02	33,237,450,527
0413.00	33,74,75,93,173,175,213,219,237,253,389,445,450,483,496,527,803,814
0413.01	33,90,93,106,173,175,213,219,237,253,389,445,450,483,496,527,814
0413.02	33,93,173,175,213,219,237,253,319,360,368,389,429,445,450,483,496,527,814
0414.00	16,33,77,93,173,213,219,237,293,318,450,483,496,527,679,814
0414.01	16,33,77,93,173,213,219,237,293,318,450,483,496,527,679,814
0414.02	16,33,77,93,173,213,219,237,293,318,450,483,496,527,679,814
0415.00	16,230,450
0416.00	16,40,92,154,163,194,207,210,230,355,450,454,455,565,597
0417.00	39,44,45,84,98,111,162,175,186,205,209,260,266,268,343,387,435,608,609
0418.00	29,33,44,45,55,98,154,163,210,250,392,401,453,458,487,834
0419.00	44,45,55,98,250,401,453,458,487,834
0420.00	33,73,74,75,111,173,205,213,219,230,234,267,311,312,321,361,388,496,505,572,579,670,803
0421.00	33,73,74,80,173,213,219,234,311,388,496,572,579,669,670,803
0421.01	33,73,74,80,173,213,219,234,311,388,496,572,579,669,670,803
0422.00	54,55,68,105,106,124,151,174,243,246,254,255,256,262,281,330,499
0422.01	54,55,68,105,106,124,151,174,243,246,254,255,256,262,281,330,499
0423.00	55,105,106,246,262,330
0423.01	55,105,106,246,262,330
0424.00	5,10,25,28,39,103,154,173,213,231,251,253,279,310,321,340,371,372,387,458,496,514,526,530,541,693
0425.00	16,50,95,107,114,116,120,153,194,254,255,256,262,310,371,432,499
0426.00	16,107,116,120,153,194,254,255,256,310,371,668
0427.00	1,5,24,25,29,98,111,150,173,175,186,213,231,252,253,260,264,298,322,340,361,371,372,383,415,458,494,495,496,509,514,526,608,813
0428.00	1,5,24,25,29,98,111,136,150,173,213,231,243,253,260,277,322,340,361,371,372,494,495,496,514,526,608,693,813
0428.01	1,26,98,111,136,146,150,173,193,213,216,231,243,253,277,322,340,361,494,495,496,514,526,563,608,693
0429.00	45,180,310,595
0430.00	17,114,207,310,389,400,511,894
0431.00	10,45,95,154,163,173,185,213,231,252,274,371,372,389,445,468,496,514,526
0432.00	10,45,95,154,163,173,185,207,213,231,252,274,371,372,445,468,496,514,526
0433.00	35,45,93,173,213,219,248,253,281,310,322,387,494,496,502,797
0434.00	10,38,43,44,92,103,108,114,116,123,139,153,154,163,262,310,364,389,400,562
0435.00	10,44,92,103,108,116,139,153,154,262,364,389,400,562
0436.00	33,93,95,219,248,278,319,326,356,360,371
0437.00	33,93,95,219,248,311,319,326,335,360,371
0438.00	29,38,68,88,102,106,111,174,175,205,335,383,389,397,715
0439.00	1,93,95,102,173,213,219,248,252,253,272,278,298,321,383,389,471,472,478,496,502
0440.00	1,69,111,186,215,217,343,356,383
0441.00	31,45,47,64,102,119,173,211,213,253,297,355,448,485,496,497,526,590,814
0442.00	50,95,108,138,174,180,194,220,262,371,389,425,502
0443.00	28,33,37,38,44,163,225,239,328,407
0444.00	28,33,44,163,225,328,407
0445.00	28,33,44,163,225,328,407
0445.01	28,33,82,163,173,213,231,250,328,407,496,530,693
0446.00	5,6,25,33,38,44,68,90,103,111,120,122,173,174,175,187,213,250,253,254,256,276,278,343,387,496,514,526,562
0447.00	44,68,98,103,136,197,238,249,336,364,383,395,410,418,501,509,515,526
0448.00	68,98,103,197,198,245,249,309,319,364,383,395,410,501,505,515,526,791
0448.01	5,25,68,98,103,116,173,197,198,213,231,245,249,279,299,319,364,371,383,395,496,501,505,514,515,526,612,673
0449.00	18,28,33,38,44,46,90,174,254,255,256,281,303,328
0450.00	28,33,38,44,46,90,281,303,328
0451.00	18,28,40,42,43,44,92,103,163,173,213,231,282,305,367,371,372,400,440,450,468,496,565,806
0452.00	40,42,43,44,92,103,173,213,231,282,305,328,367,371,372,400,440,450,468,496,514,565,599,675,693,806,808
0453.00	29,40,68,92,207,223,238,252,260,310,364,389,410,418,501,562
0454.00	40,92,207,260,310,389,562
0455.00	20,22,44,74,173,185,213,230,254,255,256,275,371,378,438,496,536,675
0456.00	1,16,55,62,175,186,213,219,250,321,340,392,401,487
0457.00	1,16,55,213,219,250,340,392,487
0458.00	17,21,29,33,48,55,61,114,150,173,213,239,243,250,258,291,340,392,469,496,503
0459.00	23,38,43,54,73,74,75,181,207,275,311,329,420,452,670
0460.00	43,54,75,181,207,275,329,420,452,670,694
0460.01	5,25,43,54,75,173,181,207,213,219,231,258,275,311,329,333,420,452,496,670
0461.00	10,43,98,103,154,163,251,372,400,420,468
0462.00	33,48,84,103,161,192,199,209,243,319,360,393,435,602
0463.00	5,21,23,25,35,48,50,103,111,120,122,173,187,205,213,231,250,282,330,360,438,496,514,526,693,798,805
0464.00	5,6,23,25,30,32,33,39,173,213,224,231,250,253,276,359,371,439,479,496,535,667,693,784,800,815
0465.00	20,21,22,71,72,74,77,78,79,173,213,246,275,282,321,335,371,384,438,496,669,693,803
0466.00	5,25,43,84,98,103,173,213,231,253,268,311,351,435,496,527,663,804
0467.00	5,25,43,52,103,108,116,123,172,173,213,231,253,311,384,436,496,499,595,807,815
0468.00	1,5,25,38,45,143,161,173,186,211,213,219,245,246,248,253,266,273,281,387,495,496,502,514,526,584,595,791,814
0469.00	33,48,49,98,103,104,163,173,193,197,211,213,228,246,253,364,400,450,496,814
0470.00	28,33,38,39,44,45,73,75,98,235,343,348,383,387,608
0471.00	28,33,38,39,44,45,98,243,343,383,387,420,573,608
0472.00	12,28,42,98,103,106,173,185,210,211,213,231,282,327,328,371,372,400,438,440,496,675,693,814
0473.00	33,37,54,173,175,181,213,246,258,276,328,333,420,458,496,667
0474.00	33,84,105,111,160,161,173,176,192,199,231,253,277,278,384,385,393,435,472,496,502,527,683
0475.00	43,45,93,95,100,104,138,163,210,248,348,364,400,427,469,501,505,533,791,895
0475.01	5,25,43,45,93,95,100,104,138,163,173,210,213,219,248,279,348,364,400,427,469,472,478,496,501,502,505,514,526,669,675
0476.00	33,120,161,173,192,199,209,213,248,328,335,356,393,435,443,469,496,502,602,798,800
0477.00	5,20,25,43,50,173,174,194,212,213,248,279,310,325,356,371,425,472,496,502,663,806,809
0478.00	29,43,44,104,181,194,310,420,524,694
0479.00	84,104,253,268,310,351,435
0479.01	84,104,253,268,310,351,435
0479.02	84,104,253,268,310,351,435
0479.03	84,104,253,268,310,351,435
0479.04	84,104,253,268,310,351,435
0479.05	84,104,253,268,310,351,435
0480.00	93,161,173,175,219,231,248,262,281,326,427,472,478,496,502,797,832
0481.00	93,161,173,219,231,248,260,326,361,383,427,472,478,496,502,797,832
0482.00	93,120,153,161,173,197,219,231,248,253,326,371,372,387,427,472,478,496,502,797,832
0483.00	163,225,231,246,368,459
0483.01	163,225,231,246,368,459
0484.00	163,225,246,392,401,460
0484.01	163,225,246,392,401,460
0485.00	43,246,319,436,463
0486.00	1,5,23,25,173,219,276,279,282,359,371,469,496,514,535,663,667,805
0487.00	163,194,220,225,246,425,432,467
0487.01	163,194,220,225,246,425,432,467
0488.00	54,62,93,104,163,219,236,248,427,461,502,585,849
0489.00	48,61,145,151,173,219,250,253,258,291,340,346,362,392,496,503,812
0490.00	48,61,145,151,173,219,250,253,258,291,294,340,346,362,391,392,496,503,812
0491.00	50,95,98,104,114,138,171,173,185,371,464,466,472,496,514,675,808
0492.00	73,74,173,186,219,230,235,312,361,363,388,465,496,803
0492.01	73,74,98,173,186,219,230,363,388,465,496,803
0493.00	69,105,195,245,248,322,356,361,449
0493.01	69,105,195,245,248,322,356,361,449
0493.02	69,105,195,245,248,322,356,361,449
0493.03	69,105,195,245,248,322,356,361,449
0493.04	69,105,195,245,248,322,356,361,449
0493.05	69,105,195,245,248,322,356,361,449
0493.06	69,105,195,245,248,322,356,361,449
0493.07	69,105,195,245,248,322,356,361,449
0493.08	69,105,195,245,248,322,356,361,449
0493.09	69,105,195,245,248,322,356,361,449
0493.10	69,105,195,245,248,322,356,361,449
0493.11	69,105,195,245,248,322,356,361,449
0493.12	69,105,195,245,248,322,356,361,449
0493.13	69,105,195,245,248,322,356,361,449
0493.14	69,105,195,245,248,322,356,361,449
0493.15	69,105,195,245,248,322,356,361,449
0493.16	69,105,195,245,248,322,356,361,449
0493.17	69,105,195,245,248,322,356,361,449
0494.00	5,25,29,38,93,98,116,173,219,248,253,299,340,384,385,496,510,515,517,526,557,595,683,797,815
0495.00	21,22,33,35,43,72,73,74,173,213,219,231,348,378,380,489,496,526,536,803
0496.00	21,22,33,35,43,72,73,74,173,213,219,231,348,378,380,489,496,526,536,803
0497.00	21,22,33,35,43,72,73,74,173,213,219,231,348,378,380,489,496,526,536,693,799,803
0498.00	33,39,46,52,111,123,173,205,213,231,276,316,360,372,457,496,526,535
0499.00	33,39,46,52,111,123,173,205,213,231,276,292,316,360,372,457,496,526,535,811
0500.00	33,39,46,52,111,123,173,205,213,231,276,292,316,359,360,372,457,496,503,526,535,811,815
0501.00	33,39,55,103,116,197,210,282,383,400,401,453,487,514,533,534,895
0502.00	33,39,55,116,210,401,453,487,514,534
0503.00	33,39,55,116,163,210,224,401,453,487,514,534
0503.01	33,39,55,116,163,210,224,389,401,453,514,534,845
0504.00	21,28,33,43,44,95,103,116,117,158,162,173,197,212,213,231,279,372,495,496,514,526
0505.00	21,28,33,43,44,95,103,116,117,158,162,173,197,212,213,231,244,279,372,495,496,514,526,563
0506.00	33,43,44,46,122,173,213,253,281,336,343,371,387,495,496,514,526,608
0507.00	33,43,44,46,173,213,253,371,387,496,514,526,608
0508.00	33,43,44,46,173,213,253,276,371,387,496,514,526,608
0509.00	6,10,28,45,98,103,104,154,163,173,213,231,252,259,281,343,371,372,383,389,400,468,496,808
0510.00	6,10,28,45,103,154,173,213,231,252,259,371,372,389,400,427,468,496,675,806,807,808
0511.00	10,22,43,44,73,122,154,173,213,231,253,259,278,363,371,496,526,589,803
0512.00	43,122,154,173,213,231,253,276,371,496,526,675,803
0513.00	10,43,44,122,154,173,213,231,253,278,281,363,371,481,496,510,526,589,807
0514.00	43,122,154,173,213,231,253,276,371,481,496,526,675,807,815
0515.00	10,43,44,55,122,154,173,213,231,253,258,278,291,346,362,363,371,496,503,526,589,812
0516.00	43,122,154,173,213,231,253,258,276,291,362,371,496,503,526,675,812
0517.00	95,111,138,173,174,213,219,236,248,277,281,360,361,384,385,472,496,502,585,797
0518.00	95,111,138,173,213,219,236,248,277,281,360,384,385,472,496,502,585,797,802
0519.00	16,43,45,95,98,116,143,173,197,207,211,213,234,253,273,297,355,400,432,496,526,814
0520.00	16,43,45,98,116,143,173,197,207,211,213,253,297,355,496,526,814
0521.00	16,43,45,98,116,143,173,197,207,211,213,253,297,355,496,526,814
0522.00	23,37,39,98,103,173,209,213,228,268,340,351,435,496,804
0523.00	23,37,39,98,103,173,209,213,228,268,340,351,435,496,502,569,804
0524.00	28,29,33,106,153,173,174,213,328,356,469,475,479,496,800
0525.00	28,29,33,106,153,173,213,328,479,496,800
0526.00	28,29,33,106,120,153,173,213,276,311,328,479,496,675,800
0527.00	16,48,93,173,211,213,219,248,253,260,282,283,355,360,372,375,427,493,496,502,599,683,797,814
0528.00	16,93,173,211,213,219,248,253,283,360,372,427,493,496,502,599,683,797,814
0529.00	10,66,90,154,163,173,213,229,306,319,328,468,496,667,815
0530.00	10,32,90,154,173,213,229,306,328,468,496,667,693,815
0531.00	1,5,25,38,45,173,186,213,219,231,253,273,281,361,387,493,494,495,496,502,505,514,526,589,608,675,791
0531.01	1,3,38,45,173,213,219,231,253,287,290,387,493,494,495,496,502,505,514,526,589,608,675
0532.00	1,5,21,25,43,68,88,116,173,183,197,213,223,264,276,279,359,371,432,469,496,514,526,612,693,811
0533.00	1,5,21,25,43,88,116,173,213,223,264,276,279,359,371,496,514,526,667,693,811
0534.00	1,5,21,25,43,88,116,173,213,223,264,276,279,359,371,496,514,526,667,693,811
0535.00	45,48,51,54,61,92,103,173,175,213,253,258,311,330,340,392,482,496,497,503,599
0536.00	45,48,51,61,103,173,175,213,253,258,311,330,340,392,438,482,496,497,503,599
0537.00	5,25,45,48,51,61,103,173,175,213,253,258,291,311,330,340,371,380,392,438,482,496,497,503,599
0538.00	5,20,25,43,69,116,173,213,233,276,279,371,469,480,496,509,514,526,811
0539.00	5,24,25,43,68,116,173,213,249,276,279,371,496,501,514,526,675,811
0540.00	33,75,81,103,173,175,213,219,371,450,496,527,564,803,806
0541.00	33,75,81,103,173,213,219,320,371,450,496,527,803,806
0542.00	33,75,81,103,163,173,211,213,219,348,371,450,494,496,514,527,565,675,803,806
0543.00	38,40,42,44,92,103,111,173,205,210,213,360,371,450,496,599,798,806
0544.00	38,40,42,92,103,111,173,205,213,360,371,450,496,599,798,806
0545.00	38,40,42,92,103,111,173,205,213,224,231,276,360,371,372,440,450,496,599,675,798,806
0546.00	71,72,73,74,75,77,78,173,178,213,219,251,262,267,283,321,388,415,496,538,584,803
0547.00	16,71,72,73,74,75,77,78,173,178,213,219,251,262,283,496,538,584,585,803
0548.00	71,72,73,74,78,79,230,235,275,361,388,494,495
0549.00	71,72,73,74,78,79,80,235,298,483,494,495,572
0549.01	25,71,72,73,74,78,79,235,298,348,432,494,495,572,669,837,853
0550.00	29,33,37,38,39,44,55,61,175,283,453,457,487,515,834
0550.01	29,33,37,38,39,44,55,61,175,283,453,457,487,515,834
0550.02	29,33,37,38,39,44,55,175,253,283,453,457,487,834,854
0551.00	28,37,38,43,44,68,180,207,259,328,401,468,681
0552.00	28,37,43,44,207,259,328,468,681
0553.00	28,37,43,44,207,259,328,468,681
0554.00	5,25,29,33,37,44,52,116,172,173,187,213,253,264,276,281,326,359,360,496,510,526
0554.01	5,25,29,33,37,44,116,172,173,181,187,213,253,264,276,281,359,360,496,510,526,573,612
0555.00	5,25,29,33,37,44,52,116,173,187,213,248,253,276,359,360,371,384,385,496,510,526,595,797,807,808
0555.01	5,25,29,33,37,44,52,116,173,187,213,248,253,276,359,360,371,384,385,496,510,526,595,797,807,808
0555.02	5,25,29,33,37,44,116,173,181,187,213,253,276,360,371,496,526,556,807,808
0555.03	5,25,29,33,37,44,116,173,181,187,213,253,276,360,371,496,526,556,807,808
0556.00	42,64,71,72,73,74,80,103,173,178,213,219,230,235,253,275,311,340,367,372,388,389,452,495,496,538,572,596,675,803
0557.00	28,68,110,163,173,174,175,210,213,282,328,335,397,400,439,450,469,479,496,504,806
0558.00	28,110,163,173,175,210,213,328,397,439,450,479,496,504,669,800,806
0559.00	5,25,28,29,43,68,136,173,197,207,213,231,251,252,264,279,371,372,457,496,501,514,526,612,808,811
0560.00	5,25,28,29,43,136,173,207,213,231,251,264,279,371,372,457,496,514,526,675,808,811
0561.00	16,18,93,95,143,173,211,213,219,246,248,322,355,356,375,384,427,478,496,683,797,814
0562.00	50,114,173,174,194,212,213,219,262,288,310,371,470,471,472,496,502,578,809
0562.01	21,50,114,173,174,194,212,213,219,262,310,371,470,471,472,496,502,578,693,809
0563.00	50,114,173,174,194,212,213,219,279,288,310,371,384,385,470,471,472,496,502,578,809
0564.00	21,44,55,88,110,173,174,205,213,231,246,250,282,291,330,335,362,385,401,453,469,479,496,503,504,800
0565.00	44,55,110,173,174,213,231,246,250,276,291,330,362,385,401,453,469,479,496,503,504,534,800
0566.00	17,37,43,44,88,98,104,173,211,213,225,231,246,253,282,283,340,365,372,415,432,457,496,501,502,800,808,814
0567.00	17,37,43,88,98,173,211,213,225,231,246,253,283,340,365,372,496,501,502,800,808,814
0568.00	1,28,92,114,120,124,139,153,173,174,205,213,220,254,256,278,371,475,482,496,499,562,599,810
0569.00	1,92,103,120,124,139,153,173,213,220,254,256,278,371,440,482,496,499,562,599,810
0570.00	10,43,68,154,197,259,262,282,326,383,389,468,539
0570.01	10,43,174,180,197,259,262,282,326,425,468,841,894
0571.00	10,43,154,259,282,400,468,539
0571.01	10,43,174,180,259,282,425,468,841
0572.00	1,21,39,47,173,175,213,219,231,253,282,321,387,401,495,496,497,514,526,541,608,813
0573.00	1,21,47,173,213,219,231,253,321,387,495,496,497,514,526,541,608,813
0574.00	1,93,95,212,243,244,248,252,259,260,321,478,505,589
0575.00	1,93,95,244,248,260,321,478,589
0576.00	1,93,95,244,248,260,321,478,589
0577.00	93,105,151,173,213,219,220,248,283,310,360,384,385,472,496,502,797,798
0578.00	93,105,173,213,219,220,248,283,360,384,385,472,496,502,797,798
0579.00	5,93,105,173,213,219,220,248,276,283,359,360,384,385,472,496,502,797,798
0580.00	17,55,61,173,211,213,253,258,291,297,346,355,362,392,432,496,503,814
0581.00	17,55,61,173,211,213,253,258,291,297,346,355,362,392,432,496,503,813,814
0582.00	54,106,120,151,153,173,213,243,253,258,310,329,333,393,420,475,496,502,556,694
0583.00	54,106,120,151,173,213,243,253,258,310,329,333,496,502
0584.00	54,106,120,151,173,213,243,251,253,258,310,311,329,333,496,502,556,573
0585.00	24,28,29,33,38,45,73,235,388
0585.01	24,28,29,33,38,45,73,235,388
0585.02	24,28,29,33,38,45,73,235,388
0585.03	24,28,29,33,38,45,73,235,388
0586.00	24,28,33,38,45,73,224,532
0586.01	24,28,33,38,45,73,224,532
0586.02	24,28,33,38,45,73,224,532
0586.03	24,28,33,38,45,73,224,532
0587.00	39,84,98,104,173,209,213,231,268,310,321,343,351,355,432,435,496,527,609,683,804,814
0588.00	29,38,43,64,68,103,163,173,175,210,213,224,282,400,450,496
0589.00	29,38,43,64,103,173,175,210,213,224,279,368,496,501,534,565,693
0590.00	71,72,74,77,78,92,111,147,205,230,235,275,310,388,476,499
0591.00	71,72,74,78,92,147,230,235,275,310,476,499
0592.00	40,54,55,61,71,105,151,173,194,213,219,220,250,258,291,323,362,482,496,503,668,809
0593.00	40,55,71,105,151,173,194,213,219,250,258,291,323,330,362,482,496,503,809
0594.00	1,54,219,220,243,250,273,321,340,361,362,392,453,469,487,589
0595.00	40,42,71,81,103,104,163,173,210,213,340,380,389,435,440,450,496,527,611,679,683,804,806
0596.00	42,71,81,103,163,173,210,213,340,380,389,435,440,450,496,527,564,675,683,804,806
0597.00	33,42,73,92,106,120,153,173,174,213,275,279,282,356,360,371,372,496,798
0598.00	33,42,106,120,153,173,174,213,275,279,360,371,372,438,496,693,798
0599.00	11,20,84,103,173,192,199,253,268,319,372,435,475,496,508,544,798,804
0600.00	11,20,84,103,173,192,199,253,268,319,372,435,475,496,502,508,544,798,804
0601.00	11,20,84,103,173,192,199,253,268,319,372,435,475,496,502,508,544,602,674,798,804
0602.00	33,209
0603.00	20,29,37,51,192,209,380,435,489
0604.00	29,37,51,192,306,380,435,489
0605.00	29,45,50,93,100,103,105,173,194,211,213,219,244,253,310,322,384,385,470,471,472,496,502,797,800
0606.00	29,45,93,100,103,105,161,173,211,213,219,248,253,322,384,385,470,471,472,496,502,797,800
0607.00	52,107,114,123,151,173,174,213,219,220,262,310,371,471,496,499,502,517,595,806,807,809
0608.00	52,107,123,173,174,213,219,220,262,310,371,496,502,517,595,806,807,809
0609.00	52,107,123,173,174,213,219,220,262,310,371,496,502,517,595,806,807,809
0610.00	10,12,43,44,68,116,163,231,283,372,400,401,660,784
0611.00	10,12,43,44,116,163,372,784
0612.00	10,12,43,44,116,163,372,784
0613.00	37,45,154,163,175,181,264,281,329,362,400,524,589
0614.00	37,45,154,163,175,181,207,276,329,362,453,524,556,589
0615.00	20,54,62,105,114,151,153,163,229,246,329,400,420,524,573,694
0616.00	38,51,71,72,105,151,170,173,174,213,281,364,385,470,496,515,806
0617.00	51,71,72,92,98,104,105,151,173,174,213,281,384,385,496,515,594,599,806
0618.00	33,55,84,90,173,174,175,180,209,213,220,253,268,279,281,310,330,340,371,389,435,482,496,503,513,527,808
0618.01	20,33,55,68,90,103,173,174,175,180,213,220,253,279,281,310,319,330,340,371,389,482,496,503,513,779,805,808
0619.00	1,5,25,116,136,154,173,197,213,233,252,264,279,282,340,364,371,395,468,496,501,502,514,526,811
0620.00	1,5,25,116,136,154,173,197,213,252,279,299,340,371,372,395,468,469,496,501,502,514,526,693,811
0621.00	5,10,43,44,137,163,173,213,231,276,279,371,389,400,468,496,514,799,808,814
0622.00	1,5,25,111,120,173,174,219,223,276,310,325,359,360,496,502,809,815
0623.00	1,5,25,111,120,173,174,219,223,264,276,310,325,359,360,496,502,535,663,667,809,815
0624.00	10,12,29,43,163,210,212,259,319,372,389,400,501,514
0625.00	10,12,43,163,210,259,319,368,372,400,514
0626.00	23,29,30,31,33,43,116,130,173,213,224,253,276,279,283,371,372,496,514,526,538,543,562,667,675,808
0627.00	17,18,37,43,64,163,249,306,355,432,468
0628.00	17,18,37,43,64,143,163,276,306,432,468
0628.01	17,18,37,43,64,143,163,276,306,432,468,840
0629.00	16,18,43,92,173,211,212,213,260,282,355,365,371,372,432,496,514,808,814
0630.00	16,18,43,92,143,173,198,211,213,260,282,365,371,372,432,496,514,808,814
0631.00	20,33,122,154,163,173,174,213,254,255,256,276,321,389,400,450,468,496,510,517,562,675,680,693,807,815
0632.00	11,12,28,44,103,173,175,210,213,251,276,319,368,450,494,496,514,611,660,806
0633.00	21,29,33,44,46,116,225,310,372,407,457,458,526,562
0634.00	21,29,33,44,46,116,225,372,407,458,526
0635.00	21,29,33,44,46,116,161,225,372,407,458,526
0636.00	37,38,52,71,81,103,106,172,234,450
0637.00	16,18,38,52,81,103,172,450,476,483,552
0638.00	24,43,98,173,219,224,276,279,340,368,496,501,514,526,533,811
0639.00	24,43,98,173,219,224,276,279,479,496,501,514,526,533,811
0640.00	24,43,98,173,219,224,276,279,340,348,496,501,514,526,533,669,803,811
0641.00	16,37,43,44,207,253,310,326,359,846
0641.01	16,37,43,44,207,253,310,326,359,846
0642.00	37,43,44,84,207,253,268,310,351,359,435,847
0642.01	37,43,44,84,207,253,268,310,351,359,435,847
0643.00	163,173,211,219,225,246,311,326,371,496,535,551,558,568,595,693,784,799,814,815
0644.00	163,173,211,219,225,246,311,371,496,550,559,568,693,784,799,804,814
0645.00	43,90,326,328,335,359,479,848
0645.01	43,90,326,328,335,359,479,848
0646.00	163,173,211,219,225,246,258,283,311,329,333,371,496,549,568,573,693,784,799,814
0646.01	163,173,211,219,225,246,258,283,311,329,333,371,496,554,558,568,573,693,784,799,814
0646.02	163,173,211,219,225,246,258,283,311,329,333,371,496,553,559,568,573,693,784,799,814
0647.00	24,43,61,173,219,224,258,276,279,330,340,401,453,496,501,503,514,526,533,548,811,812
0647.01	24,43,61,173,219,224,258,276,279,330,340,401,453,496,501,503,514,526,533,548,811,812
0648.00	47,93,98,195,272,298,496,497,547
0648.01	47,93,98,195,272,298,496,497,547
0649.00	98,103,120,161,173,192,199,210,299,319,372,393,493,496,502,527,565
0649.01	98,103,120,161,173,192,199,210,299,319,372,393,493,496,502,527,565
0649.02	98,103,120,161,173,192,199,210,299,319,372,393,493,496,502,527,565
0649.03	98,103,120,161,173,192,199,210,299,319,372,393,493,496,502,527,565
0649.04	98,103,120,161,173,192,199,210,299,319,372,393,493,496,502,527,565
0650.00	22,42,44,45,73,162,174,187,205,220,235,452,469,501
0651.00	22,42,44,45,73,205,220,452
0652.00	22,33,42,44,45,73,205,220,359,364,452,596
0653.00	10,39,52,95,273,336,383,478
0654.00	10,39,52,336,478
0655.00	10,39,52,248,272,336,415,478,595
0656.00	1,45,55,68,98,104,108,122,340,415,479,496,514
0657.00	1,45,55,98,104,108,122,340,479,496
0658.00	1,45,55,98,104,108,114,122,272,326,400,425,594
0658.01	1,45,55,98,104,108,114,122,272,326,400,425,594
0658.02	1,45,98,104,108,114,122,145,173,185,213,272,291,326,340,400,425,496,503,526,561,594,693,806
0659.00	24,33,43,98,111,162,173,175,205,213,231,340,371,496,526,673
0660.00	5,24,25,33,43,98,162,173,175,213,231,253,276,328,340,359,371,496,526,667,673,693,815
0661.00	45,52,64,98,175,211,355,432,501
0662.00	45,52,64,98,175,211,355,364
0663.00	45,52,64,98,175,211,355,364
0664.00	33,77,78,81,450,476
0664.01	33,77,78,81,450,476
0664.02	33,77,78,81,450,476
0664.03	33,77,78,81,450,476
0664.04	33,77,78,81,450,476
0664.05	33,77,78,81,450,476
0664.06	33,77,78,81,450,476
0664.07	33,77,78,81,450,476
0664.08	33,77,78,81,450,476
0664.09	33,77,78,81,450,476
0664.10	33,77,78,81,450,476
0664.11	33,77,78,81,450,476
0664.12	33,77,78,81,450,476
0664.13	33,77,78,81,450,476
0664.14	33,77,78,81,450,476
0664.15	33,77,78,81,450,476
0664.16	33,77,78,81,450,476
0664.17	33,77,78,81,450,476
0664.18	33,77,78,81,450,476
0664.19	33,77,78,81,450,476
0665.00	106
0665.01	106
0665.02	106
0665.03	106
0665.04	106
0665.05	106
0665.06	106
0665.07	106
0665.08	106
0665.09	106
0665.10	106
0665.11	106
0665.12	106
0665.13	106
0665.14	106
0665.15	106
0665.16	106
0665.17	106
0665.18	106
0665.19	106
0666.00	16,48,77,78,79,219,483
0666.01	16,48,77,78,79,219,483
0666.02	16,48,77,78,79,219,483
0666.03	16,48,77,78,79,219,483
0666.04	16,48,77,78,79,219,483
0666.05	16,48,77,78,79,219,483
0666.06	16,48,77,78,79,219,483
0666.07	16,48,77,78,79,219,483
0666.08	16,48,77,78,79,219,483
0666.09	16,48,77,78,79,219,483
0666.10	16,48,77,78,79,219,483
0666.11	16,48,77,78,79,219,483
0666.12	16,48,77,78,79,219,483
0666.13	16,48,77,78,79,219,483
0666.14	16,48,77,78,79,219,483
0666.15	16,48,77,78,79,219,483
0666.16	16,48,77,78,79,219,483
0666.17	16,48,77,78,79,219,483
0666.18	16,48,77,78,79,219,483
0666.19	16,48,77,78,79,219,483
0667.00	29,33,43,52,281,283,494,497,510,526,568
0668.00	29,33,43,52,283,497,510,526,568
0669.00	22,33,75,80,219,235,273,283,383,572,584,585,715
0669.01	22,33,75,80,219,235,273,283,383,572,584,585,715
0669.02	22,33,75,80,219,235,273,283,383,572,584,585,715
0669.03	22,33,75,80,219,235,273,283,383,572,584,585,715
0669.04	22,33,75,80,219,235,273,283,383,572,584,585,715
0670.00	22,33,75,80,219,235,273,572,584,585
0670.01	22,33,75,80,219,235,273,572,584,585
0670.02	22,33,75,80,219,235,273,572,584,585
0670.03	22,33,75,80,219,235,273,572,584,585
0670.04	22,33,75,80,219,235,273,572,584,585
0670.05	22,33,75,80,173,213,219,273,312,381,496,502,572,584,585,617,803
0671.00	80,219,235,273,572,585
0671.01	80,219,235,273,572,585
0671.02	80,219,235,273,572,585
0671.03	80,219,235,273,572,585
0671.04	80,219,235,273,572,585
0672.00	22,33,38,39,73,74,75,111,205,208,235,348,388,532
0673.00	22,33,38,39,73,74,75,208,235,348,388,532
0674.00	5,25,33,43,69,163,173,213,233,253,276,292,371,480,494,496,501,509,511,514,526,575,681,808,811
0675.00	5,25,33,43,116,163,173,213,233,251,253,276,279,292,359,371,400,418,494,496,509,514,526,575,663,675,808,811
0676.00	28,29,33,39,44,45,173,213,231,253,316,389,496,514,526,538,608
0676.01	28,29,33,39,44,45,173,213,231,253,316,389,496,514,526,538,608
0676.02	28,29,33,39,44,45,173,213,231,253,316,389,496,514,526,538,608
0676.03	28,29,33,39,44,45,173,213,231,253,316,389,496,514,526,538,608
0676.04	28,29,33,39,44,45,173,213,231,253,316,389,496,514,526,538,608
0676.05	28,29,33,39,44,45,173,213,231,253,316,389,496,514,526,538,608
0676.06	28,29,33,39,44,45,173,213,231,253,316,389,496,514,526,538,608
0676.07	28,29,33,39,44,45,173,213,231,253,316,389,496,514,526,538,608
0676.08	28,29,33,39,44,45,173,213,231,253,316,389,496,514,526,538,608
0676.09	28,29,33,39,44,45,173,213,231,253,316,389,496,514,526,538,608
0677.00	6,10,43,93,173,213,219,231,252,281,321,343,371,472,478,496,502,526,797
0678.00	6,10,43,93,173,212,213,219,231,252,272,343,371,389,472,478,496,501,502,526,541,797
0678.01	6,10,43,93,173,213,219,231,248,252,272,326,343,371,389,472,478,496,502,526,541,797
0679.00	33,103,163,173,194,210,213,319,335,360,379,400,425,427,469,475,496,514,533,669,693
0680.00	33,103,163,173,210,213,319,360,379,400,425,427,475,496,514,533,669,693
0681.00	33,103,163,173,210,213,319,360,379,400,425,427,457,475,496,514,533,588,669,693
0681.01	33,103,163,173,210,213,319,360,379,400,425,427,457,475,496,514,533,588,669,693
0682.00	50,173,175,186,213,230,273,312,360,495,496,497,502,584,585,802
0683.00	173,175,186,213,230,244,312,360,496,497,502,505,584,585,597,802
0684.00	33,81,173,178,213,219,230,273,281,283,312,383,495,496,538,564,584,589,802
0685.00	33,81,173,178,213,219,230,273,283,312,496,538,564,584,589,802
0686.00	33,35,50,64,95,163,173,194,207,213,248,276,365,367,371,385,400,415,427,496,502,514,576,797,808
0687.00	33,35,64,95,163,173,207,213,248,276,365,371,385,400,415,427,496,502,514,576,675,693,797,808
0688.00	10,28,55,103,110,154,163,173,210,213,219,238,246,251,253,371,372,397,400,415,468,482,496,503,504,534
0689.00	10,55,103,110,130,154,163,173,210,213,219,238,246,250,251,253,276,291,330,371,372,397,468,482,496,503,504,534,693,800
0690.00	33,39,51,55,92,104,108,114,151,239,401
0691.00	33,39,51,55,92,104,108,401
0692.00	11,55,61,150,152,175,330,340,401,453,468,479,494
0693.00	11,55,150,152,175,330,340,453,468,479,505
0694.00	1,39,84,98,137,173,213,231,268,407,496,502,527,570,582,799,804
0695.00	1,5,25,39,84,98,173,213,231,268,311,435,496,502,527,570,582,693,784,799,804
0696.00	23,32,33,37,39,44,46,88,173,174,213,231,246,276,305,372,397,496,799,800,808
0697.00	23,32,33,37,39,44,46,173,213,231,246,276,372,457,496,667,693,784,799,800,808
0698.00	45,54,62,88,114,173,181,213,219,231,243,246,258,267,311,435,496,573,694,800
0699.00	45,54,62,173,181,213,219,231,246,258,267,311,333,496,573,800
0700.00	28,33,38,39,44,45,98,244,343,383,387,585,608
0701.00	17,33,136,143,197,212,238,283,297,340,355,364,432,468,494,501,560
0702.00	33,39,84,162,173,268,343,393,435,494,570,609,715
0703.00	33,106,175,246,397,470,479,585
0704.00	33,55,68,71,174,175,225,330,791
0705.00	33,55,71,151,174,175,225,330
0705.01	33,55,71,151,174,175,225,330,842
0706.00	33,55,71,174,175,225,330,364,401,438,715
0706.01	33,55,71,174,175,225,231,330,364,715,842
0707.00	33,259,278,310,319,387,393,415,478,584,587
0708.00	33,50,73,74,173,174,194,213,219,275,288,310,389,452,496,502,532,571,599,785,803,806,809
0709.00	33,73,74,173,174,194,213,219,275,310,452,496,502,532,571,599,693,785,803,806,809
0710.00	50,73,75,173,174,194,213,219,220,310,360,388,425,496,502,567,595,803,806,809
0710.01	73,75,173,213,219,220,310,360,388,425,496,502,567,595,803,806,809
0710.02	73,75,173,213,219,220,310,360,388,425,496,502,567,595,803,806,809
0710.03	73,75,173,213,219,220,310,360,388,425,496,502,567,595,803,806,809
0711.00	73,75,153,173,213,219,220,310,360,388,425,438,496,502,567,585,595,693,803,806,809
0711.01	73,75,153,173,213,219,220,310,360,388,425,438,496,502,567,585,595,693,803,806,809
0711.02	73,75,153,173,213,219,220,310,360,388,425,438,496,502,567,585,595,693,803,806,809
0711.03	73,75,153,173,213,219,220,310,360,388,425,438,496,502,567,585,595,693,803,806,809
0712.00	33,38,44,54,105,106,174,181,229,243,694
0713.00	33,38,44,105,106,174,181,229,469,556
0713.01	33,38,44,105,106,174,181,229,469,836
0714.00	16,17,18,33,44,48,71,103,104,162,355,407,432
0715.00	16,17,18,33,44,48,71,103,104,162,236,355,586
0716.00	33,62,173,224,244,258,267,275,312,356,400,472,496,505,532,585,802,805
0716.01	33,62,173,224,244,258,267,275,312,356,400,472,496,505,532,585,802,805
0717.00	16,50,104,143,173,211,355,371,389,407,496,808,814
0718.00	20,44,114,137,173,219,225,231,276,371,482,489,496,514,667,784,799,806,815
0718.01	20,44,114,137,173,219,225,231,276,371,482,489,496,514,667,784,799,806,815
0718.02	20,44,114,137,173,219,225,231,276,371,482,489,496,514,667,784,799,806,815
0718.03	20,44,114,137,173,219,225,231,276,371,482,489,496,514,667,784,799,806,815
0718.04	20,44,114,137,173,219,225,231,276,371,482,489,496,514,667,784,799,806,815
0719.00	33,106,175,246,397,470,479,585,591
0719.01	33,88,106,159,173,175,219,246,258,360,470,472,479,496,585
0720.00	93,194,310,470,471,472,502,593
0720.01	93,194,282,310,470,471,472,502,621
0721.00	23,43,54,55,114,153,311,503,510,592
0722.00	33,45,64,75,104,235,282,297,310,348,355,365,389,425,432,670
0723.00	33,45,64,75,235,297,310,348,365,389,425,670
0724.00	33,45,64,75,180,235,297,310,348,365,389,425,662,670
0724.01	33,45,64,75,235,297,348,365,389,425,670,843
0725.00	6,10,24,37,44,45,46,52,122,154,173,207,213,252,279,496,526,575,681
0726.00	6,10,24,37,44,45,46,52,122,154,173,207,213,279,496,526
0727.00	5,6,10,24,25,37,44,45,46,52,122,154,173,207,213,238,276,279,299,372,496,526,535,663,675,693,807,808,815
0728.00	1,45,47,55,61,173,195,213,231,250,253,258,291,362,392,453,472,496,503,526,585,608,791,812,813
0729.00	1,45,47,55,61,173,213,231,250,253,258,291,362,453,472,496,503,526,585,608,812,813
0730.00	1,45,47,55,61,173,213,231,250,253,258,291,311,362,453,472,496,503,526,585,608,664,802,812,813
0731.00	31,45,48,64,65,103,173,211,213,249,253,297,355,365,496,497,526,814
0732.00	31,45,48,64,65,103,173,211,213,249,253,297,355,365,496,497,526,814
0733.00	31,45,48,64,65,103,173,211,213,249,253,297,355,365,496,497,526,690,814
0734.00	28,33,37,43,44,162,281,283,371,387,526
0735.00	28,33,37,43,44,162,281,371,526
0736.00	11,44,81,103,106,173,209,213,435,450,496,527,564,804,806
0737.00	11,44,81,103,173,209,213,268,435,450,496,527,564,804,806
0738.00	11,12,44,81,103,173,192,209,213,268,435,450,496,527,564,804,806,814
0739.00	11,21,43,61,152,223,249,264,276,283,371,469
0740.00	21,43,61,223,249,665
0741.00	1,45,64,213,219,260,297,298,355,365,432,483,686
0741.01	1,45,64,213,219,260,297,298,355,365,432,483,686
0741.02	1,45,64,213,219,260,297,298,355,365,432,483,686
0741.03	1,45,64,213,219,260,297,298,355,365,432,483,686
0742.00	71,78,173,213,219,230,312,415,472,478,483,496,502,564,584,585,597,683,814
0743.00	71,78,173,213,219,230,312,343,415,472,478,483,496,502,584,683,814
0744.00	28,33,37,43,44,46,88,104,283,336,387
0744.01	28,33,37,43,44,46,88,104,283,336,387
0745.00	28,33,43,44,46,88,98,104,336,389,501,709
0745.01	28,33,43,44,46,68,88,104,336
0745.02	28,33,43,44,46,68,88,98,104,306,336,389,501,709
0746.00	38,45,54,55,173,213,231,250,251,253,258,283,291,330,362,392,401,487,496,503,715,799,812
0746.01	38,45,55,173,213,231,250,251,253,258,283,291,330,362,392,401,487,496,503,715,799,812
0747.00	40,42,44,64,92,105,114,254,255,256,469,611
0748.00	40,42,44,64,92,105,469,661
0749.00	23,24,25,38,46,68,70,90,249,276,283,479,667
0750.00	23,24,25,68,70,249,276,667
0751.00	29,44,55,61,173,213,243,254,255,392,450,471,472,478,487,494,496,503,564,611,679,806
0752.00	29,44,55,61,173,213,219,243,291,392,450,469,472,478,487,494,496,503,611,679,806
0753.00	74,75,163,210,230,235,275,348,388,432,670
0754.00	74,75,163,210,230,235,275,348,400,572,669,670
0755.00	71,72,73,74,77,78,79,138,147,173,213,219,236,275,310,472,478,496,585,668
0756.00	71,72,79,138,147,173,213,219,236,275,310,311,472,478,496,585,668
0757.00	10,28,52,92,123,139,230,252,283,305,510,562
0758.00	1,10,50,52,92,123,139,207,230,259,282,283,305,510,680
0759.00	5,23,25,33,37,38,43,70,111,173,175,205,213,220,276,359,371,395,496,526,608,693,811
0760.00	5,20,25,33,37,38,43,70,173,175,213,220,276,279,359,371,496,526,608,663,667,693,811
0761.00	75,150,175,229,230,235,283,298,367,589,597
0762.00	23,75,150,175,229,230,298,589,597
0763.00	23,75,136,150,175,207,229,230,298,438,589,597,688
0764.00	22,35,73,74,80,173,186,213,219,230,235,312,388,495,496,502,536,572,579,666,803
0765.00	93,138,244,248,281,326,387,495,511,689
0766.00	33,37,38,43,68,69,98,116,249,251,282,364,501
0767.00	28,103,106,111,173,205,213,258,372,453,469,496,503,806
0768.00	28,42,103,111,163,173,180,210,213,249,258,291,330,371,372,389,450,482,496,503,534,660,675,806
0769.00	28,71,72,95,106,174,194,246,254,255,256,310,328,659
0770.00	28,71,72,95,106,310,328,659
0771.00	68,92,103,105,106,174,180,207,213,219,220,243,258,262,321,380,487,599,685
0772.00	33,38,161,173,258,306,319,371,458,496,526,805
0773.00	33,38,44,120,153,161,173,211,258,305,306,319,371,458,496,526,575,718,805
0773.01	33,38,44,120,153,161,173,211,258,305,306,319,371,458,496,526,575,718,805
0773.02	33,38,44,120,153,161,173,211,258,305,306,319,371,458,496,526,575,718,805
0773.03	33,38,44,120,153,161,173,211,258,305,306,319,371,458,496,526,575,718,805
0773.04	33,38,44,120,153,161,173,211,258,305,306,319,371,458,496,526,575,718,805
0773.05	33,38,44,120,153,161,173,211,258,305,306,319,371,458,496,526,575,718,805
0773.06	33,38,44,120,153,161,173,211,258,305,306,319,371,458,496,526,575,718,805
0773.07	33,38,44,120,153,161,173,211,258,305,306,319,371,458,496,526,575,718,805
0773.08	33,38,44,120,153,161,173,211,258,305,306,319,371,458,496,526,575,718,805
0773.09	33,38,44,120,153,161,173,211,258,305,306,319,371,458,496,526,575,718,805
0773.10	33,38,44,120,153,161,173,211,258,305,306,319,371,458,496,526,575,718,805
0773.11	33,38,44,120,153,161,173,211,258,305,306,319,371,458,496,526,575,718,805
0773.12	33,38,44,120,153,161,173,211,258,305,306,319,371,458,496,526,575,718,805
0773.13	33,38,44,120,153,161,173,211,258,305,306,319,371,458,496,526,575,718,805
0773.14	33,38,44,120,153,161,173,211,258,305,306,319,371,458,496,526,575,718,805
0773.15	33,38,44,120,153,161,173,211,258,305,306,319,371,458,496,526,575,718,805
0773.16	33,38,44,120,153,161,173,211,258,305,306,319,371,458,496,526,575,718,805
0773.17	33,38,44,120,153,161,173,211,258,305,306,319,371,458,496,526,575,718,805
0774.00	33,38,111,120,153,173,205,219,246,322,360,475,496,504,798,800
0774.01	33,38,111,120,153,173,205,219,246,322,360,475,496,504,798,800
0774.02	33,38,111,120,153,173,205,219,246,322,360,475,496,504,798,800
0774.03	33,38,111,120,153,173,205,219,246,322,360,475,496,504,798,800
0774.04	33,38,111,120,153,173,205,219,246,322,360,475,496,504,798,800
0774.05	33,38,111,120,153,173,205,219,246,322,360,475,496,504,798,800
0774.06	33,38,111,120,153,173,205,219,246,322,360,475,496,504,798,800
0774.07	33,38,111,120,153,173,205,219,246,322,360,475,496,504,798,800
0774.08	33,38,111,120,153,173,205,219,246,322,360,475,496,504,798,800
0774.09	33,38,111,120,153,173,205,219,246,322,360,475,496,504,798,800
0774.10	33,38,111,120,153,173,205,219,246,322,360,475,496,504,798,800
0774.11	33,38,111,120,153,173,205,219,246,322,360,475,496,504,798,800
0774.12	33,38,111,120,153,173,205,219,246,322,360,475,496,504,798,800
0774.13	33,38,111,120,153,173,205,219,246,322,360,475,496,504,798,800
0775.00	21,37,47,111,175,205,229,244,254,255,256,273,276,281,389,452
0776.00	5,25,33,52,123,153,173,174,175,213,229,231,253,279,371,457,469,496,504,510,526,535,693,704,799,807,808,815
0777.00	33,42,84,111,173,175,209,213,217,231,252,268,273,321,340,360,371,372,393,435,496,526,527,565,596,609,716,798,804
0778.00	10,102,104,150,163,174,194,220,310,383,425,452,468,608
0778.01	10,102,104,150,163,220,310,383,425,452,468,608
0779.00	44,50,55,93,103,162,305,310,401,453,834
0780.00	54,137,173,211,213,219,225,239,253,276,321,326,407,496,497,526,589,784,799,808
0781.00	21,35,71,72,74,173,229,250,310,319,330,360,362,371,372,415,438,482,496,502,669,677,693,798,803,809
0782.00	29,33,43,68,103,173,213,219,225,231,253,264,371,496,526,568,799
0783.00	5,25,29,33,43,103,173,213,219,231,253,371,475,496,526,568,693,799,811
0784.00	5,25,29,33,43,103,173,187,213,219,231,253,276,279,371,475,496,526,568,586,691,693,775,784,799,811
0785.00	84,98,103,110,173,209,211,212,219,268,351,372,384,435,496,526,527,584
0786.00	93,110,173,212,219,230,248,260,310,312,321,326,384,385,427,472,478,496,502,585,597,683
0787.00	5,18,30,50,72,73,110,130,173,212,219,224,249,276,279,371,384,385,452,496,526,532,663,667,670,693
0788.00	54,55,110,114,173,212,219,250,291,330,362,385,392,432,472,478,487,496,503,505,585
0789.00	100,150
0790.00	100,322
0791.00	100,173,219,231,234,248,276,319,322,360,368,469,496,526,535,568,595,713,797,798,800
0792.00	93,95,100,138,173,219,236,248,277,322,427,469,472,478,496,526,539,585,714,797,800,809,814
0793.00	1,29,35,51,173,219,243,321,440,457,470,471,472,482,496,499,502,599,693,800,810
0794.00	5,68,106,116,173,223,233,264,276,279,340,359,360,371,496,526,565,612,663,667,679,811,814
0795.00	23,24,43,136,167,173,229,340,364,372,450,483,496,501,527,675,679,683,806,811,813
0796.00	35,84,95,173,192,209,268,275,351,393,435,438,496,527,693,804
0797.00	33,38,71,72,73,106,120,130,173,224,275,276,319,360,469,475,479,496,693,798,800
0798.00	12,15,75,103,173,197,210,235,348,400,410,427,432,496,533,669,673
0799.00	5,23,25,37,44,173,231,254,256,282,359,360,371,380,407,469,482,496,535,562,667,693,798,808,810
0800.00	93,163,173,234,236,248,322,356,360,400,427,475,496,502,693,711,722,784,797,800
0800.01	93,163,173,234,236,248,322,356,360,400,427,475,496,502,693,711,722,784,797,800
0800.02	93,163,173,234,236,248,322,356,360,400,427,475,496,502,693,711,722,784,797,800
0800.03	93,163,173,234,236,248,322,356,360,378,400,427,429,475,496,502,693,711,722,784,797,800
0801.00	62,111,192,199,205,220,360,508,602,705
0801.01	62,111,192,199,205,220,360,508,602,705
0802.00	5,25,68,173,244,272,276,279,283,299,325,340,364,371,372,383,389,395,425,496,526,673,675,712,806,809,811
0803.00	31,42,45,51,64,92,173,231,253,380,482,496,565,599
0804.00	31,42,45,51,64,92,173,231,253,372,380,407,440,482,496,502,565,599,675,784,799,814
0805.00	23,25,33,38,88,106,173,219,276,335,360,393,469,472,475,478,496,502,535,667,693,798,800
0806.00	52,95,120,173,253,277,310,371,496,510,595,797
0807.00	5,6,10,25,98,154,163,173,209,231,252,268,276,279,299,340,372,435,468,496,501,526,527,612,675,693,721,804,811
0808.00	29,39,84,106,151,173,360,496
0809.00	5,25,29,39,84,106,120,151,173,223,276,360,435,496,663,667,693,742,798
0810.00	10,21,45,70,73,74,75,103,252,253,282,283,359,388,452,785
0811.00	10,21,45,75,103,253,282,283,452,458,785
0812.00	10,21,45,75,103,253,282,283,452,458,568,586,778,785
0813.00	24,28,29,33,38,45,52,68,98,136,162,340,389
0814.00	24,29,33,38,45,52,68,98,340
0815.00	24,29,33,38,45,52,68,98,340,364,756,780
0816.00	1,20,45,54,55,104,114,389,392,420,453,487,565,715
0817.00	1,20,45,55,389,487,715
0818.00	1,20,45,55,389,487,715,745
0819.00	33,39,44,68,111,162,187,205,254,255,256,387,562,747
0820.00	33,39,44,68,162,254,255,256,343,562,747
0821.00	28,31,43,64,65,143,180,207,249,355,365,432,468,681
0822.00	31,43,64,65,207,365,468,681
0823.00	31,43,64,65,103,207,211,319,365,468,681
0824.00	48,105,564,611
0825.00	93,173,213,219,248,371,384,385,472,478,496,502,797
0826.00	93,95,173,213,219,243,248,277,371,384,385,427,472,478,495,496,502,797
0827.00	39,98,103,173,213,251,259,282,336,372,389,400,468,496,501,541,808
0828.00	39,98,103,173,213,251,372,389,400,468,496,541,575,807,808
0829.00	47,73,74,75,77,78,79,173,213,229,230,235,312,388,496,536,670,803
0830.00	47,75,173,178,213,229,230,235,311,312,496,536,538,670,803
0831.00	23,24,29,33,38,45,68,111,173,207,213,371,383,385,470,496,538,803
0832.00	24,25,29,33,38,45,111,173,213,340,371,383,385,387,470,496,514,538,803
0833.00	29,33,44,55,68,380,504,746
0834.00	29,33,44,55,68,397,457,534,746
0835.00	28,33,38,39,44,46,173,209,213,253,268,336,435,496,609,804
0836.00	33,39,44,46,116,173,209,213,253,268,496,582,609,804
0837.00	33,108,153,229,246,335,397,479,510,535
0838.00	33,108,229,246,397,479,510,535
0839.00	33,108,229,246,397,479,510,535,749
0840.00	110,111,205,278,310,389
0841.00	17,73,74,110,225,239,278,310,407,788
0842.00	23,29,73,74,105,110,174,230,278,310,787
0843.00	21,28,29,35,107,137,328,387,407,489,562,693
0844.00	21,28,29,35,107,137,328,489,693
0845.00	31,37,55,64,65,173,211,213,250,253,254,255,256,276,291,297,311,355,365,372,392,432,496,503,562,675,814
0845.01	31,37,55,64,65,173,211,213,250,253,254,255,256,276,291,311,365,372,496,503,562,675,814
0845.02	31,37,55,64,65,173,211,213,250,253,254,255,256,276,291,311,365,372,496,503,562,675,814
0846.00	31,37,38,44,64,116,163,291,367,400,453
0847.00	31,38,44,64,116,291,453,675
0848.00	45,51,175,283,319,562,609,715
0849.00	43,45,51,84,92,103,175,207,209,268,351,435,508,562,568,586,609,715,786
0849.01	43,45,51,84,92,103,175,207,209,268,351,435,562,568,586,602,609,715,786
0850.00	21,35,44,52,108,111,172,173,205,213,282,438,450,489,496,503,535,679,680,682,693,806,815
0851.00	21,35,44,52,108,172,173,213,438,450,489,496,503,517,535,595,679,680,682,693,806,815
0852.00	5,20,43,66,69,173,197,213,220,249,276,279,291,330,362,364,371,389,487,496,509,514,526,612,811
0853.00	5,20,43,66,173,190,197,213,249,250,276,279,291,330,362,364,371,496,514,526,576,693,753,806,811
0854.00	72,110,230,262,310,389,502,504,597
0854.01	72,110,230,262,310,389,502,504,597
0855.00	72,110,174,230,262,310,389,504,597,668,752
0855.01	72,110,174,230,262,310,389,504,597,668,752
0856.00	93,361,495,505,511,589,595,597,609,791
0857.00	93,361,505,589,597,693,791
0858.00	93,361,427,505,589,597,693,750,791
0859.00	44,207,252,259,260,372,389,575,590
0860.00	44,207,252,259,260,372,389,590,793
0861.00	44,207,252,259,260,359,372,389,590,789,793
0862.00	5,25,28,29,33,38,42,43,66,68,103,116,122,154,173,213,231,238,250,279,371,372,400,415,440,468,496,514,526,608,675,792,808
0863.00	6,10,37,45,103,154,163,207,252,319,368,468
0864.00	33,42,50,103,106,120,173,174,180,195,213,219,243,246,250,258,279,288,310,333,362,496,503,668,675,800,807,809
0865.00	21,28,43,64,116,173,197,210,211,213,249,276,279,282,348,372,432,496,514,515,526,660,669,675,693,794,803,811,814
0866.00	1,5,24,25,93,95,102,103,173,213,219,229,243,248,253,258,272,278,298,303,333,335,371,383,384,385,389,420,472,478,495,496,502,573,797,813
0867.00	21,50,114,173,174,194,212,213,219,279,310,328,371,384,385,470,471,472,496,502,578,693,809
0868.00	33,105,151,173,186,213,230,312,387,494,496,597,608
0869.00	33,105,151,161,173,186,213,219,230,312,472,478,494,496,595,597,777,802
0869.01	33,105,151,161,173,186,213,219,230,312,472,478,494,496,595,597,777,802
0869.02	33,105,151,161,173,186,213,219,230,312,472,478,494,496,595,597,777,802
0869.03	33,105,151,161,173,186,213,219,230,312,472,478,494,496,595,597,777,802
0869.04	33,105,151,161,173,186,213,219,230,312,472,478,494,496,595,597,777,802
0869.05	33,105,151,161,173,186,213,219,230,312,472,478,494,496,595,597,777,802
0869.06	33,105,151,161,173,186,213,219,230,312,472,478,494,496,595,597,777,802
0869.07	33,105,151,161,173,186,213,219,230,312,472,478,494,496,595,597,777,802
0869.08	33,105,151,161,173,186,213,219,230,312,472,478,494,496,595,597,777,802
0870.00	29,33,68,116,224,249,660,748
0871.00	31,55,61,64,84,105,174,209,262,268,367,389,435,716
0872.00	181,243,450,584
0873.00	54,62,78,181,213,297,432,469,483,611,694
0874.00	23,25,88,174,246,335,356,397,469
0875.00	29,33,38,54,181,187,311,392,457,487,556,573,694
0875.01	29,33,38,54,181,187,311,392,457,487,556,573,694
0876.00	244,252,326,361,387,471,495,589
0876.01	244,252,266,361,470,505,589
0877.00	37,39,43,44,84,98,162,173,207,209,213,229,252,253,259,260,268,279,321,371,372,496,511,527,575,681,783,804,808
0877.01	37,39,43,44,84,98,173,209,213,253,259,260,279,371,372,496,527,681,783,804,808
0878.00	18,21,23,33,38,45,70,90,111,174,205,207,249,276,562,667
0879.00	23,33,45,70,205,249,276,667
0880.00	5,21,23,25,33,84,173,231,246,268,365,407,435,496,667,693,754,784,800,804
0881.00	5,21,25,84,173,181,231,246,258,268,333,365,371,435,496,497,556,573,754,800,804
0882.00	23,25,33,44,55,162,173,225,246,250,291,362,407,496,503,693,755,800
0883.00	44,55,162,173,181,246,250,258,291,333,362,496,556,573,694,755,800
0884.00	43,103,163,173,213,243,249,319,360,368,400,468,496,673,784,798
0885.00	44,50,98,104,174,310,389,611
0886.00	38,44,98,199,310,372,387,407,458,611
0887.00	38,44,98,199,225,310,372,387,407,458,611,751
0888.00	44,98,163,336,501,533,568,585
0888.01	44,98,163,336,501,533,568,585
0889.00	44,98,163,336,368,469,585
0889.01	44,98,163,336,368,469,585
0890.00	92,105,322,440,744
0890.01	92,103,105,173,322,371,372,440,482,496,595,599,693,744,795,800
0891.00	29,43,68,116,197,223,249,264
0892.00	29,43,68,116,197,223,249,264,389,817
0892.01	29,43,68,116,197,223,249,264,453,818
0893.00	10,20,22,37,43,44,74,154,207,235,359,438,816
0893.01	10,20,22,37,43,44,74,154,207,235,359,438,816
0894.00	37,84,153,192,199,229,245,246,351,393,527,819
0895.00	11,37,44,116,153,225,239,246,359,820
0896.00	23,24,33,37,38,39,54,259,556
0897.00	23,24,33,37,38,39,50,114
0898.00	1,72,73,74,93,248,505,791
0898.01	1,23,24,33,37,38,39,54,72,73,74,93,248,259,505,556,791,824
0898.02	1,23,24,33,37,38,39,50,72,73,74,93,114,248,505,791,825
0899.00	23,28,33,38,43,95,224,272,310,828
0900.00	43,98,104,116,163,210,458,479,830
0901.00	10,37,43,122,154,163,173,230,343,359,371,589,667,838
0902.00	29,33,37,38,39,44,55,175,253,283,453,457,487,834,854
0902.01	29,33,37,38,39,44,55,175,253,283,453,457,487,834,854
0903.00	10,43,98,103,163,249,468,827
0904.00	33,40,42,44,92,106,107,194,254,255,362,367,565,839
0905.00	239,253,259,260,276,310,326,361,584,585,595,831
0905.01	239,253,259,260,276,310,326,361,584,585,595,831
0906.00	10,39,44,73,98,163,383,388,389,468,502,572,670
0907.00	10,39,44,98,163,388,468,670
0908.00	10,39,44,98,104,163,282,388,400,468,670,870
0909.00	33,43,44,46,52,174,281,303,496,510,562
0910.00	33,43,44,46,52,122,281,496,510
0911.00	33,43,44,46,47,52,122,496,510,871
0912.00	1,17,45,55,116,197,229,355,387,453,458,526,895
0913.00	1,17,45,55,116,297,453,458,526,895
0914.00	1,17,25,45,55,68,116,297,453,458,526,834,872,895
0915.00	29,33,38,39,253,254,255,256,281,283,343,497,526,747
0916.00	29,33,38,39,253,281,343,497,526,562
0916.01	29,33,38,39,253,281,343,497,526,562
0982.00	38,103,111,137,175,205,246,281,283,355,407,489,586,887
0982.01	38,103,111,137,175,205,246,281,283,355,407,489,586,887
0917.00	29,33,68,81,262,335,364,372,380,389,450,509,564,660,675,679,806
0918.00	29,33,68,81,335,364,372,380,450,509,564,675,806,852
0919.00	24,33,43,68,103,310,364,372,389,450,660,806
0920.00	24,33,43,103,197,310,340,364,372,389,450,660,675,679,853
0953.00	28,33,105,111,205,262,311,322,450,679
0954.00	28,33,93,111,205,219,244,326,384,385,450,679,683,863
0971.00	29,33,38,39,44,45,46,50,122,194,262,281,336,425,502
0972.00	29,33,38,39,44,45,46,122,854
0955.00	45,64,93,95,98,253,355,365,502,608
0956.00	45,64,65,93,98,253,297,365,387,608,855
0981.00	23,33,45,93,310,372,384,385,458,888
0960.00	21,28,29,35,55,262,389,453,515,675
0961.00	21,28,29,35,55,389,453,675,865
0977.00	33,37,38,48,55,90,174,175,281,291,321,401,487,568,834,856
0976.00	33,37,105,116,163,365,400,427,453,515,868,895
0963.00	48,54,55,68,114,116,291,310,321,340,401,453,458,586
0964.00	48,54,55,116,264,291,310,401,453,458,812,834,857
0964.01	48,54,55,116,264,291,310,401,453,458,812,834,857
0928.00	33,71,72,73,74,75,175,230,235,262,311,668,805
0929.00	33,71,72,73,74,75,175,230,805
0930.00	33,71,72,73,74,75,80,175,219,230,243,572,805
0951.00	29,43,44,73,74,75,205,275,388,476,670
0952.00	29,43,44,74,75,388,670,858
0938.00	33,55,84,175,192,209,268,311,330,389,435,487,570
0939.00	33,55,84,175,192,209,268,303,311,389,435
0965.00	29,92,103,114,120,122,123,124,139,207,253,259,360,372,575,859
0966.00	29,103,122,123,124,139,207,253,360,372,393,508,859
0968.00	33,35,106,174,231,368,479,489,880
0924.00	1,44,162,251,321,364,383,415,458,495,497,608,860
0925.00	1,162,251,266,383,458,497,608,860,882
0925.01	1,162,251,266,383,458,497,608,860,882
0974.00	33,38,45,175,181,187,276,281,340,420,494,497,556
0975.00	33,38,45,175,181,340,420,497
0996.00	33,43,44,116,225,333,401,407,556,573
0997.00	33,43,44,116,225,556
0998.00	33,43,44,116,225,420,556,784,862
0978.00	55,68,106,150,229,243,262,330,487
0978.01	55,68,106,150,229,243,262,330,487
0978.02	55,68,106,150,229,243,262,330,487
0967.00	33,38,44,45,98,229,231,282,401,407,438,508,784,880
0921.00	10,21,44,45,84,98,183,186,209,252,268,273,435,494,609
0922.00	10,21,44,45,84,98,209,268,292,435,494,609
0923.00	10,21,44,45,84,98,209,268,292,435,494,609,863,892
0940.00	45,64,84,98,209,253,254,255,256,283,297,311,355,365,435,814
0941.00	45,64,84,98,209,253,355,365,435,814
0962.00	17,18,43,64,88,143,259,262,282,297,355,365,371,389,468,575,681,814
0931.00	31,38,45,64,98,102,207,253,259,260,355,383,515,575
0931.01	31,38,45,64,98,102,207,253,259,260,355,383,515,575
0931.02	31,38,45,64,98,102,207,253,259,260,355,383,515,575
0931.03	31,38,45,64,98,102,207,253,259,260,355,383,515,575
0973.00	17,24,25,64,104,116,143,197,355,364,371,383,469,501,675
0950.00	11,12,88,106,152,175,246,249,282,283,667
0932.00	29,33,88,90,105,106,174,246,397,479
0933.00	29,33,88,105,106,397,479,864
0934.00	29,33,88,105,106,153,335,359,397,469,864
0969.00	88,92,106,120,151,153,246,262,397,479,482
0970.00	88,106,120,151,246,397,479,482,596,866
0944.00	10,43,44,92,154,162,163,207,260,282,305,383,415,440,575
0945.00	10,43,154,163,260,282,305,415,867
0926.00	33,38,39,44,45,46,122,230,273,281,336,343,383,387,526,608
0927.00	33,38,39,44,45,46,122,343,387,526,608
0942.00	29,33,38,43,44,46,122,194,207,283,371,468,514,746
0943.00	29,33,38,43,44,46,122,207,371,468,746,894
0946.00	50,71,72,73,111,174,205,220,229,251,310,335,425,438,611,668
0947.00	50,71,72,111,174,205,220,229,310,438,611
0999.00	33,310
0999.01	33,310
1000.00	33,105,262,310,319,874
0984.00	30,111,205,224,229,282,283,457,838
0986.00	37,71,72,74,78,147,235,275,310,371,389,476,499
1009.00	43,44,46,225,239,407,453,468,568,784,876
0989.00	48,84,103,161,192,209,243,319,356,435,602
0985.00	1,44,47,50,195,273,336,360,568,586
0987.00	180,195,212,220,262,273,310,585,595
0988.00	16,18,23,37,52,77,78,234,276,450,660,679,814
1005.00	29,38,43,44,116,225,355,400,407,510,675,746,784,799
0990.00	30,111,205,224,229,282,283,798
1010.00	43,98,224,348,400,501,502,511,514,526,533,669,875
0994.00	16,18,52,103,234,319,435,482,552,679
0992.00	18,21,28,33,69,116,187,197,252,264,268,292,395
0993.00	46,116,161,225,282,372,526
0995.00	42,44,88,103,268
0991.00	65,181,217,250,573,694,812
1006.00	50,95,104,194,210,248,282,348,364,400,425,427,469,501,585,789
1003.00	18,23,37,90,180,212,262,328,371,675,877
1002.00	54,105,114,180,181,212,329,371,389,400,420,533,556,675,877
1001.00	71,72,73,74,77,78,180,212,275,282,321,371,438,877
1004.00	52,172,180,207,212,262,340,371,436,510,517,877
1007.00	68,103,246,249,784,878
1007.01	68,103,246,249,784,878
1007.02	68,103,246,249,784,878
1007.03	68,103,246,249,784,878
1007.04	68,103,246,249,784,878
1008.00	84,225,243,268,319,351,435,570,879
1008.01	84,225,243,268,319,351,435,570,879
1008.02	84,225,243,268,319,351,435,570,879
1008.03	84,225,243,268,319,351,435,570,879
1008.04	84,225,243,268,319,351,435,570,879
0957.00	21,186,249,252,260,282,310,343,364,511,584,608,665,693,806
0958.00	21,186,249,252,260,282,310,343,584,608,693,806
0959.00	21,186,249,252,260,282,310,343,584,608,693,806,893
0935.00	43,50,52,180,194,310,436,499,510
0936.00	43,52,310,436,469,499,502,510,595,797,890
0937.00	43,52,310,400,425,427,436,499,501,502,510,669,891
0948.00	33,35,48,71,72,73,74,77,78,92,103,147,229,243,282,321,367,438,476
0949.00	33,35,48,71,72,74,77,78,103,147,438,513
0983.00	10,12,43,163,210,259,319,368,372,400,514,869
0980.00	21,39,40,92,224,281,482
0979.00	10,37,43,68,69,103,116,154,207,238,325,372,515,889
